0.215142	0.061899	0.245125	0.242440	0.045803	-0.059210	-0.072207	-0.167464	-0.221587	0.355106	0.149665	0.046032	0.252642	0.074178	0.104543	0.233541	0.253021	0.040805	-0.037864	-0.095444	0.137077	0.496714	0.290455	-0.048496	0.170812	
0.120290	-0.219271	-0.155780	0.015254	0.000899	0.189611	-0.035742	-0.137913	-0.085293	-0.218607	-0.028788	-0.005139	0.005307	-0.029979	0.030519	-0.045849	0.049602	0.086036	-0.043757	-0.079915	-0.038519	0.053271	0.098182	-0.083107	0.018901	
-0.110935	0.286007	-0.183340	-0.318354	0.213298	0.073532	-0.264303	0.288661	-0.079991	0.119459	-0.247259	0.053197	0.074043	-0.344320	-0.017289	0.098094	-0.040299	0.215915	0.298039	0.308990	-0.020294	-0.022213	-0.284456	0.168911	-0.067573	
-0.147166	0.136988	-0.226220	-0.211046	0.323972	0.144368	-0.244786	-0.049693	-0.009653	0.345986	-0.253526	-0.076732	0.027110	0.054455	0.034465	0.282616	-0.192441	0.240276	0.269475	0.054129	0.184849	-0.183443	-0.323780	-0.201878	-0.067154	
-0.034627	0.113451	-0.149470	0.034896	-0.217552	0.084058	-0.077751	0.118050	0.024489	-0.080838	0.017844	-0.061712	-0.002405	0.005751	0.147325	0.006385	-0.089864	0.161120	-0.141549	-0.013363	-0.051030	-0.025367	-0.139034	-0.062682	-0.000852	
-0.064571	0.025036	-0.018591	0.002967	0.002812	-0.181947	0.041450	-0.048498	0.000459	0.104791	0.167326	-0.096986	0.193033	-0.073479	0.226126	0.001255	0.174104	0.117891	-0.157597	-0.219857	0.121433	-0.024794	-0.228858	0.101840	0.098566	
0.030764	-0.033065	0.016690	0.126667	-0.117024	0.028798	0.091202	0.006269	-0.252527	0.175974	0.089658	-0.053597	0.100324	-0.082463	-0.082552	0.127491	0.139530	0.174293	-0.147126	-0.060277	-0.303027	0.000253	-0.015109	-0.013932	0.060237	
-0.345249	0.222465	-0.193673	-0.056258	0.145046	-0.245633	-0.383024	-0.124952	0.158715	-0.168284	0.048116	-0.033633	0.210391	-0.262232	0.246618	-0.269798	0.190563	-0.083696	0.202843	0.028749	-0.054000	-0.134861	-0.348287	-0.123549	0.019588	
-0.014761	-0.019558	0.181402	0.309966	0.132432	0.031806	0.095548	-0.299819	-0.272732	0.088807	0.123322	-0.247848	0.269377	-0.114167	-0.090221	0.431445	0.211987	0.164026	-0.024175	-0.093249	0.315096	0.332688	-0.080828	0.117847	0.050439	
-0.095609	0.062753	-0.100142	0.039887	0.218837	-0.148824	-0.059184	-0.143684	-0.003827	0.058891	0.008585	-0.221724	0.334160	0.029901	-0.191763	-0.107402	0.070703	0.070967	-0.189901	0.086825	-0.089212	0.132880	0.117135	-0.197911	0.089831	
0.047938	0.089622	-0.031960	-0.083771	-0.002216	-0.005883	0.100889	0.110648	-0.080871	0.063714	-0.059458	-0.027418	0.137223	-0.146459	-0.016252	-0.172490	0.075601	-0.116021	0.104577	0.047871	0.005839	-0.063079	0.147725	0.067505	0.162399	
0.044090	0.173203	-0.060629	0.036473	-0.074293	0.054377	0.172985	0.132901	0.018835	0.009923	-0.044507	0.063869	0.163444	-0.188489	-0.101975	-0.139427	0.078650	-0.082238	0.169499	0.135177	0.078435	0.086785	0.146805	-0.073385	0.208656	
-0.066734	0.019727	0.071105	-0.067072	-0.145840	0.010586	0.104921	0.088505	-0.027152	0.096037	0.035355	-0.029475	0.113049	0.074336	0.114278	0.138511	-0.037836	-0.020597	0.029259	0.076575	0.106572	0.038826	0.064510	-0.040750	-0.179885	
0.092022	0.086794	-0.146945	0.016441	0.080706	-0.102848	-0.101170	0.022378	0.097888	-0.095616	-0.089592	-0.158046	0.200665	-0.030216	0.013352	-0.180726	-0.038048	-0.057053	0.159591	0.056104	-0.092653	-0.085162	-0.198464	0.015632	0.040305	
-0.082726	0.231231	-0.166951	-0.232566	0.221957	0.178947	-0.350672	0.002994	-0.054175	0.156883	-0.315477	-0.091558	0.097385	0.029098	0.093841	0.308527	-0.247568	0.204522	0.044792	-0.014813	0.111538	-0.024311	-0.279107	-0.120987	0.009530	
0.014841	0.106560	-0.153891	0.181732	-0.009076	-0.037455	0.033094	0.022308	0.086907	-0.136221	0.079863	0.203643	-0.163233	0.116615	0.023573	-0.046532	-0.038572	0.002655	0.003858	0.047679	-0.039234	0.047739	-0.032151	0.051866	-0.113856	
-0.126096	0.026725	-0.200172	0.061683	-0.071417	-0.044585	0.053826	-0.009724	-0.092747	-0.085492	-0.031654	0.059812	0.000152	-0.100743	-0.050034	-0.143223	-0.058872	-0.086729	-0.068450	-0.193986	0.059431	-0.066548	-0.108433	0.032358	-0.152952	
-0.169317	-0.016832	-0.002034	0.105881	0.068588	-0.232143	-0.091368	-0.121180	0.207312	-0.044159	0.118292	-0.125217	-0.040900	-0.002852	0.230335	0.044239	-0.162597	-0.152943	0.088234	-0.123912	0.036960	0.263324	-0.081581	-0.125602	0.170045	
0.135809	0.045766	0.244045	0.108805	0.133327	-0.165371	0.194962	-0.201089	-0.142468	0.256468	0.304678	0.039073	0.282904	-0.094660	0.097057	0.296764	0.301134	0.193624	-0.003220	-0.267447	0.082251	0.297987	0.020404	-0.042034	-0.110582	
0.048089	0.001786	-0.012183	0.005927	-0.221769	0.136278	-0.053210	-0.068711	0.213927	-0.108375	-0.006013	-0.066874	-0.033591	0.122859	0.127763	0.025765	-0.097430	0.113320	-0.094766	-0.129731	-0.027559	-0.082857	-0.002467	-0.066636	-0.020340	
0.161631	0.013306	-0.037160	0.016214	0.032017	0.001509	-0.189398	-0.044177	-0.040196	0.107909	0.000527	-0.013943	-0.048247	-0.106400	0.078481	-0.256310	0.209144	-0.113020	-0.063033	0.040280	0.113423	0.105238	0.063168	-0.169463	0.045870	
0.154916	0.193665	0.027764	0.000896	-0.038662	-0.184225	0.012870	-0.036299	0.032777	0.048270	0.006897	-0.055223	0.161083	-0.108197	0.030855	-0.077893	0.051534	0.106139	0.222227	0.009772	0.208642	-0.155762	-0.115952	0.106085	-0.153933	
-0.129140	-0.130709	-0.091021	-0.062842	-0.060990	-0.066308	0.130160	0.120770	0.168969	-0.018906	-0.060295	0.046668	-0.029115	0.001734	0.039780	0.018115	-0.007846	-0.099615	0.087316	-0.081545	-0.067402	0.001924	-0.026229	-0.146983	0.149074	
-0.387763	0.406349	-0.016207	-0.245802	-0.070530	0.056551	0.058366	0.225457	-0.076366	0.108130	0.068483	-0.043414	0.216306	-0.053743	0.273752	0.073262	-0.212201	-0.011252	0.393606	0.285871	0.306218	0.009161	-0.158459	-0.051997	-0.047757	
0.034105	0.023842	0.142919	0.195249	-0.079110	-0.004648	0.093740	0.016074	0.101069	0.073167	0.230226	-0.048228	0.010892	-0.036528	-0.041475	0.125866	0.044380	-0.078390	-0.134353	-0.035865	-0.109603	-0.044249	-0.051918	0.024274	-0.035025	
-0.189812	-0.044389	-0.098958	-0.087848	0.125639	-0.168571	0.094726	0.120943	0.246998	-0.232188	-0.143553	0.168110	0.125618	-0.312143	-0.038817	-0.054634	0.108141	0.036201	0.258094	0.118224	-0.174649	-0.079479	-0.204773	-0.091463	-0.156634	
-0.063433	0.088977	-0.213099	0.090612	0.025648	0.080918	0.003030	-0.047810	0.050204	-0.131203	-0.309594	-0.151057	0.144316	0.082504	0.100629	-0.078546	-0.011522	-0.113507	-0.142092	-0.131921	0.069639	0.016221	0.071068	-0.094177	0.190174	
-0.121621	0.046606	0.012464	0.044660	-0.158783	0.065274	0.033166	-0.090704	0.133796	-0.085239	-0.013304	-0.027620	-0.032333	0.049231	0.070239	0.008422	0.057946	0.035863	-0.059620	-0.206347	-0.098237	-0.133147	0.061735	0.079962	-0.142219	
-0.130119	-0.079769	0.291294	-0.114453	0.171189	0.065051	0.224858	0.054339	0.016786	0.230364	0.069493	0.032647	0.306951	-0.079722	0.234651	0.420369	0.222243	0.024053	0.146491	-0.198617	0.166426	0.385580	-0.097089	-0.011847	0.279960	
0.071280	-0.128429	0.189366	0.203446	-0.050681	-0.077249	0.070845	-0.027537	0.016674	0.098529	0.293579	0.003131	0.355845	0.006130	-0.003895	0.116727	0.088824	0.000241	0.084235	-0.035809	-0.043169	0.217650	-0.231929	0.019715	-0.012705	
-0.034751	0.019985	0.016404	0.003806	-0.045222	0.154130	0.207466	0.103797	0.136877	-0.076803	-0.040037	-0.029837	0.226506	0.019837	-0.106057	-0.113635	0.032302	0.154182	0.083700	0.079630	-0.007292	-0.066075	0.186673	0.129966	0.016385	
-0.151824	0.054828	-0.215970	0.078398	-0.065035	0.026686	-0.122670	-0.089386	0.098666	-0.034125	0.039229	-0.033048	0.080630	-0.017474	0.079944	-0.187424	0.100271	0.058428	0.139969	-0.259472	0.036899	-0.069508	-0.080566	0.079284	0.114204	
-0.093280	0.162571	-0.112138	0.040751	-0.062866	0.079587	0.084354	-0.160726	-0.100401	-0.124519	-0.097336	0.094446	-0.048501	-0.197781	-0.102725	-0.012125	-0.154080	0.143275	-0.050797	0.047430	-0.150959	0.248672	-0.149898	0.091509	0.147951	
-0.079414	0.036655	0.228848	0.172461	0.059893	-0.027581	0.010070	-0.175165	-0.097148	-0.078911	0.100241	0.111929	0.177142	-0.107644	0.073384	-0.214162	0.172771	0.057422	-0.061966	-0.219387	0.167754	0.109527	-0.214932	-0.043299	-0.116227	
-0.100950	0.042277	0.128234	0.129242	0.002560	0.034743	0.102209	-0.049899	-0.131414	-0.041137	0.038292	-0.005618	-0.107088	0.055340	-0.225146	0.015555	0.149018	0.102976	-0.026134	0.046661	0.002203	0.158755	0.150850	0.063238	0.107814	
0.087851	0.086132	-0.020873	0.032499	0.104646	0.028276	0.038910	0.083687	-0.045381	0.018307	-0.121239	-0.082664	0.001005	-0.068867	-0.003358	-0.131328	-0.017621	0.026071	0.160576	0.133680	0.103943	-0.068510	0.066342	-0.061759	0.166502	
-0.242411	0.212956	0.134922	0.045494	0.023652	-0.085831	-0.145247	0.117073	-0.108123	-0.187940	0.090306	0.015469	0.093492	-0.119165	-0.001020	-0.109390	-0.047106	-0.010285	-0.064319	0.098753	0.124084	0.010504	-0.115226	0.051132	0.136788	
-0.435171	0.340125	-0.345109	0.000048	0.316528	-0.226772	-0.216211	0.150411	0.232225	-0.182330	0.046968	0.009125	-0.069371	-0.114172	0.220545	-0.190978	-0.095334	0.102835	0.028205	0.181783	0.055489	-0.161603	-0.080477	0.210581	-0.132017	
0.097645	-0.010817	-0.108595	-0.098546	0.146760	-0.024795	-0.203003	-0.041974	0.104526	-0.034458	-0.011711	0.011808	0.177948	-0.096308	-0.065405	0.117140	-0.055085	-0.086566	0.111539	0.029642	0.078326	0.059865	0.091724	-0.197318	-0.011607	
-0.113550	0.169182	-0.169568	0.003192	-0.076576	-0.087230	-0.233103	0.183981	0.020945	0.000291	-0.011982	-0.021722	0.005814	0.068651	0.059705	-0.149019	0.059379	-0.006376	0.165364	0.264381	-0.060147	-0.125254	-0.108831	-0.023861	0.142202	
0.051761	0.058160	0.034858	-0.074521	-0.168056	-0.048261	-0.069042	0.023908	0.036004	0.122591	-0.039189	-0.087867	0.116239	-0.235369	-0.035672	-0.035674	-0.075796	-0.095110	0.142775	0.076465	0.090684	-0.109267	0.182801	-0.018096	0.069037	
-0.154367	0.191788	-0.005316	-0.052230	-0.083948	-0.226020	-0.074836	-0.239879	-0.147500	-0.135333	0.385428	0.209076	0.212756	-0.027872	0.070690	-0.026218	0.157869	0.223634	-0.062049	0.005997	0.153876	-0.041064	0.093166	-0.198479	-0.183016	
0.059030	-0.021251	0.257408	0.111710	0.073994	-0.043418	0.021262	-0.209242	-0.103393	-0.103954	0.158069	0.151101	0.188870	-0.147711	0.023204	-0.216273	0.003966	0.105576	-0.077412	-0.103745	0.116906	0.122420	-0.225309	-0.076521	-0.142802	
0.011697	-0.149318	0.323306	0.216563	0.071872	-0.045868	0.130067	-0.042029	-0.058978	0.282382	0.333922	0.119933	0.267700	-0.002008	-0.076918	0.203632	0.023416	0.039104	-0.011336	-0.059897	0.103053	0.494004	-0.086257	0.068106	-0.034127	
-0.183894	0.198458	-0.062541	-0.078579	0.020211	-0.038550	0.040564	0.053203	-0.063487	0.257567	-0.114748	-0.003520	0.276230	-0.461188	0.060568	0.161376	0.175566	0.208198	0.250398	0.119085	-0.038409	0.003184	-0.070072	-0.165978	0.195616	
-0.062707	-0.075720	0.266837	0.195835	0.237449	-0.244453	0.239307	-0.151318	-0.099820	0.147402	0.231694	-0.225528	0.191572	-0.087927	0.172675	0.263910	0.218464	0.209958	-0.049901	-0.229208	0.248067	0.270953	0.202420	0.202446	-0.150958	
0.153029	-0.029285	0.066372	-0.034554	0.032684	0.068698	-0.014962	0.111519	0.083072	-0.088531	-0.081410	0.004346	0.063383	0.077327	0.012468	0.038829	-0.119197	-0.060092	0.122970	-0.136459	0.033271	-0.072835	-0.013687	0.044376	0.043682	
-0.105354	0.188468	0.016616	-0.129859	-0.137484	-0.064081	0.118456	-0.094850	0.054036	0.112456	-0.171349	-0.106629	0.066758	-0.085405	0.052464	-0.094804	0.115629	-0.030898	0.115769	-0.017950	0.070979	0.086122	0.000181	0.124761	0.018491	
0.168233	0.055839	-0.095976	-0.030135	-0.057244	0.047672	-0.138580	0.190861	-0.189003	0.069905	-0.082705	0.053015	0.002182	-0.078882	-0.160620	0.015675	0.078186	0.020675	0.028969	0.113341	-0.169531	-0.010975	-0.062930	0.094511	-0.087029	
-0.031824	0.084074	-0.017382	-0.105366	-0.132318	-0.073942	-0.052664	0.100067	0.201576	-0.027837	-0.152173	-0.166855	0.034730	-0.028245	-0.057680	0.002975	0.015734	-0.003573	0.150535	-0.033478	0.096062	-0.130215	-0.030160	0.003112	0.032365	
0.091794	0.053781	0.097131	0.228151	0.027534	-0.202975	0.118376	-0.336871	-0.113723	-0.130010	0.349847	-0.222884	0.262409	-0.296625	0.168974	0.231839	0.015905	0.253270	0.048174	-0.268767	-0.188369	-0.093348	-0.085155	0.092236	-0.001185	
0.020418	-0.028848	0.194804	0.070451	-0.034728	-0.153033	-0.044468	-0.194965	-0.025888	-0.004488	0.175770	0.169567	0.167984	-0.081252	0.044699	-0.234101	0.175644	0.130032	-0.042796	-0.050838	0.067154	0.169992	-0.170722	-0.117060	-0.184531	
-0.004087	-0.076605	-0.006423	0.040351	-0.079058	0.022835	0.105444	-0.092318	-0.121011	-0.057320	-0.111120	-0.120588	0.003407	-0.033446	-0.195704	0.066216	0.099355	0.041436	0.080657	0.057679	0.001660	0.054062	-0.098999	-0.106262	0.123622	
-0.242377	0.004779	0.140795	0.093728	0.002094	0.007193	0.011390	0.029952	0.180855	0.050118	-0.107517	-0.031848	0.175340	-0.105158	-0.065747	-0.207966	0.014446	-0.080240	0.190091	0.093381	0.114744	-0.097237	-0.184473	-0.016362	-0.081827	
-0.028316	0.218002	-0.241536	0.172328	-0.099881	0.073998	0.100830	-0.016139	-0.029418	-0.040223	-0.326107	-0.312598	0.115676	0.046143	0.016464	-0.125372	0.078574	-0.159577	-0.074137	-0.096136	0.143587	-0.083216	-0.003420	-0.199672	0.252880	
-0.150357	0.151169	-0.332445	0.034748	0.066823	-0.090237	-0.059393	0.029908	-0.009926	-0.093415	-0.128428	-0.178122	0.114056	-0.047618	0.074426	-0.214206	0.001110	0.018529	0.144208	0.064911	-0.077372	-0.063629	-0.128096	-0.166469	0.161269	
0.110858	-0.076997	-0.016746	0.106215	-0.205680	0.177633	-0.088804	-0.132557	0.075236	-0.122663	-0.102878	-0.009093	-0.156644	0.053349	-0.163055	0.102658	-0.079498	0.200887	0.069216	-0.010186	-0.047937	-0.092808	0.091501	-0.070845	-0.035606	
0.188429	-0.035392	-0.128960	0.038499	-0.130700	-0.013986	0.001368	-0.239716	-0.070219	0.240809	0.043463	-0.158367	0.087578	-0.208195	0.037527	-0.221194	-0.318270	-0.077099	-0.105840	-0.037947	0.068257	-0.083626	-0.188505	-0.159895	0.169014	
-0.146459	0.036501	0.004260	0.049119	0.108126	-0.190836	-0.140195	-0.222807	0.159802	-0.074352	-0.024006	-0.157917	0.003997	0.019202	-0.023933	0.058117	-0.109286	-0.094395	-0.122225	0.062928	0.086291	0.142026	0.013564	0.014933	-0.046910	
-0.067847	0.136002	0.092178	0.047235	0.048328	0.119115	0.177670	0.046919	-0.028179	0.120901	0.015140	0.148271	0.071838	0.125617	0.072368	0.021691	-0.003692	-0.168784	0.073180	-0.005101	0.046123	0.144430	0.009832	-0.036975	-0.095673	
0.110228	-0.121893	0.139794	0.043205	-0.042682	-0.090904	0.096761	-0.025721	-0.013516	-0.054492	-0.063265	-0.099433	-0.008581	0.063077	-0.238212	-0.052954	0.062707	0.016001	0.076678	-0.022549	0.026280	0.087958	0.085671	-0.020352	0.108029	
0.009322	-0.119831	0.240422	0.120793	-0.013110	-0.022404	-0.107571	-0.235192	-0.034677	-0.108731	0.131144	0.087991	0.216608	0.047151	0.058096	-0.187895	0.110453	0.137820	-0.042604	-0.155983	0.124106	0.105219	-0.229300	0.015878	-0.040911	
-0.083206	0.316265	-0.154723	0.001460	-0.066384	-0.075618	0.161148	-0.063058	0.027693	0.064932	-0.164952	-0.129009	0.195848	-0.104195	0.063660	-0.116235	0.197955	-0.040716	0.049597	-0.062616	0.119455	0.049977	0.080126	-0.246830	0.131189	
0.091036	0.106700	0.099707	0.199466	-0.031683	0.029337	0.024434	0.005442	-0.184708	-0.046201	-0.121369	-0.159082	-0.014240	0.102813	-0.021589	-0.000234	0.010050	0.112185	-0.016071	0.022672	0.003376	0.117743	0.011451	-0.060313	-0.049973	
0.130386	0.002932	-0.100260	-0.199841	0.128059	0.180787	-0.203695	0.050278	-0.027056	0.192838	-0.176698	0.157710	-0.084337	-0.077959	-0.184508	-0.017429	-0.088163	-0.000939	0.053145	0.075494	-0.226373	0.037406	-0.044780	0.094134	-0.146875	
0.164055	-0.049119	-0.208797	0.196914	-0.134203	0.064672	-0.004450	-0.160547	-0.153399	-0.171560	0.064792	0.071335	0.062036	-0.135502	-0.166667	-0.007739	-0.035564	-0.003244	0.016451	0.075991	-0.072112	-0.096754	0.059347	-0.091173	0.040367	
0.184579	0.231171	0.398949	0.171185	0.157940	-0.152926	-0.100723	-0.218536	-0.085044	0.294141	0.325335	0.062805	0.236887	-0.235698	0.077537	0.233490	0.179245	0.029437	0.158620	0.048140	0.115712	0.257071	0.031179	-0.115734	-0.138425	
-0.102262	-0.008864	-0.127856	-0.119656	-0.068345	0.148118	-0.004416	0.054811	-0.138351	-0.093534	-0.078617	-0.026995	0.039704	-0.117753	0.057076	-0.028117	0.094092	-0.063488	-0.003966	-0.062684	0.017794	-0.002246	-0.152511	-0.150142	0.131644	
-0.097632	0.001271	-0.129624	-0.154986	-0.024621	-0.053160	-0.058892	0.207502	0.136766	-0.093577	-0.061949	0.047408	-0.088704	0.085858	0.130815	-0.051091	-0.057375	0.033831	0.173834	-0.113422	-0.079655	-0.124699	-0.006193	0.018685	0.107987	
0.105426	0.127348	0.169241	0.141088	0.258919	-0.063255	0.186583	-0.256534	-0.086939	0.196997	0.078975	-0.046741	0.172741	-0.136155	-0.065293	0.136118	0.253857	0.165478	0.145521	0.089529	0.225653	0.164777	-0.030380	-0.014692	-0.014875	
0.108462	0.067042	0.130125	-0.047307	0.140237	-0.171850	-0.088588	-0.152674	0.206391	0.017436	-0.116686	-0.092549	0.030464	-0.104340	0.006769	-0.029305	0.078373	-0.111149	-0.044608	0.027777	0.093250	0.003672	0.035123	-0.048676	0.115566	
-0.172153	0.065665	0.015539	0.204220	0.016904	0.001299	0.055953	-0.187342	-0.017203	0.144202	0.102361	0.038059	0.054409	-0.136641	0.077791	-0.071455	0.283462	-0.016154	-0.097831	-0.268915	0.198811	0.123494	-0.151090	0.115996	-0.003783	
0.175992	-0.153713	-0.007128	-0.190332	0.120145	0.049826	-0.169505	0.183587	-0.006200	0.235644	-0.013814	0.035075	-0.093416	-0.117072	-0.136266	-0.036906	0.045679	0.020723	0.229560	0.188388	-0.075924	0.156614	-0.138081	0.277040	-0.085262	
0.035280	0.113473	0.018198	0.007014	0.048294	-0.000582	-0.058365	-0.033059	-0.126263	-0.035869	-0.013206	-0.164124	0.112770	0.022824	-0.154230	0.103424	0.113324	-0.013650	0.031514	-0.006998	-0.102615	-0.093747	0.120875	-0.015899	0.115174	
0.021145	-0.079043	-0.244556	-0.000938	-0.036049	0.082176	-0.054754	-0.199252	-0.093034	-0.004414	0.258583	0.118509	0.125819	0.028084	-0.067394	-0.034248	0.134700	0.051775	-0.071340	0.011011	0.063023	-0.121686	-0.034581	-0.129359	-0.148485	
-0.156920	-0.146326	0.200224	0.000461	-0.139022	-0.075926	-0.019856	0.036525	-0.084110	-0.019478	0.147320	0.076197	0.088496	0.031425	0.173634	-0.266077	0.075149	0.001494	0.033448	-0.221941	-0.020862	0.030394	-0.187504	0.030373	-0.010282	
0.066375	-0.031600	-0.028068	-0.140191	0.051569	0.119363	-0.172791	0.162839	-0.026735	0.107411	-0.174286	0.044950	-0.028639	0.000332	-0.005860	0.030615	-0.077574	0.008229	0.080343	0.156755	0.013794	0.081031	-0.029995	0.162383	-0.081131	
0.123063	0.129899	-0.048599	-0.073474	-0.056731	-0.240056	0.207839	0.059468	-0.107876	-0.131841	-0.054381	-0.105987	0.163533	-0.130439	0.074123	-0.034413	-0.213490	0.050805	0.052578	0.027361	0.068929	0.044514	0.059486	0.098367	0.158111	
-0.300983	0.036970	-0.013741	0.192045	0.064721	-0.256005	0.002309	-0.170123	0.194231	0.053547	0.002126	-0.200433	-0.020473	-0.048433	0.109419	0.019359	-0.018363	-0.057101	-0.008507	-0.182374	0.130946	0.118298	0.024792	-0.084159	0.102088	
-0.445039	0.108628	0.038894	0.025709	0.302841	-0.101977	-0.294455	0.160677	-0.123008	-0.037746	0.152952	-0.048870	-0.018590	-0.239439	-0.211549	0.128292	0.077918	0.041320	-0.047510	0.226013	-0.031611	-0.000774	-0.160332	-0.238791	0.238586	
0.110944	-0.018084	0.226369	0.118275	0.059042	-0.118217	0.132019	-0.182040	-0.073046	-0.089315	0.188300	0.181103	0.135062	-0.016722	0.071012	-0.150102	0.205076	0.118246	-0.094539	-0.129761	0.095083	-0.038898	-0.185854	-0.101027	-0.196489	
0.121479	-0.089821	-0.047854	0.126837	-0.235207	0.147454	-0.090640	-0.183480	0.044294	-0.122209	-0.102133	-0.031324	-0.190877	0.007453	-0.176789	0.095350	-0.086115	0.165505	0.074989	-0.028158	-0.064387	-0.086958	0.065462	-0.069777	-0.049132	
-0.074286	0.194612	0.233435	0.001814	0.235630	-0.002972	-0.081154	-0.263335	-0.141251	0.188592	0.330379	0.112944	0.432032	-0.207766	-0.134204	0.266630	0.242728	0.132779	0.076228	-0.208037	0.110188	0.267607	-0.075631	0.062393	0.225147	
0.084417	0.149277	0.080400	-0.089634	0.018214	0.048232	-0.055037	-0.004851	-0.065594	0.173078	0.006109	0.038135	0.046877	-0.005269	-0.074798	0.182325	0.149862	-0.035959	0.197341	0.263363	-0.183246	-0.061521	0.061997	0.205272	-0.064024	
-0.035023	0.153230	0.082895	-0.103193	0.199002	-0.147434	-0.103322	-0.105787	-0.062891	0.173944	-0.124020	-0.026451	0.197773	-0.132626	-0.008405	0.034117	0.105375	-0.034605	0.179801	0.045990	0.259248	-0.007802	-0.267144	-0.052788	-0.000551	
0.198599	0.093198	-0.051762	0.027789	0.069302	-0.193345	-0.028174	0.034331	0.026576	-0.015229	-0.052990	-0.044184	0.235090	-0.108577	0.114985	-0.146135	-0.108247	-0.079947	0.209272	0.099409	0.234172	-0.095903	-0.025905	-0.008556	0.038096	
0.007294	-0.086329	0.062730	-0.063935	-0.104599	-0.058129	0.173414	0.046485	-0.071529	-0.122679	-0.150763	-0.085866	0.008377	0.036951	-0.026736	0.070754	-0.115450	0.005954	-0.000089	0.015536	-0.152795	0.156147	0.137414	-0.047009	0.056048	
-0.191260	0.422056	-0.142628	0.042794	-0.043987	0.028528	0.150071	-0.149725	0.070175	0.029340	-0.122336	-0.036234	0.293387	0.025970	0.063094	0.036278	0.266027	-0.037154	0.010845	-0.051626	0.041207	-0.124736	0.228937	-0.272613	0.087672	
-0.111395	0.160372	0.056498	-0.053986	0.028208	0.139864	-0.049166	-0.136292	-0.056844	0.094666	-0.069919	-0.094250	0.167092	-0.202174	-0.089921	-0.005671	0.109657	0.047823	0.049861	0.052239	0.034685	0.047006	0.056558	-0.058016	0.007388	
0.000782	-0.019617	-0.098822	0.092654	-0.083952	0.170491	-0.149725	0.057710	-0.001236	-0.149259	0.018465	-0.059558	0.122291	-0.072873	0.057426	0.120539	-0.012709	0.166599	-0.128035	0.044983	-0.077073	-0.089477	-0.059117	-0.066411	-0.069772	
-0.122077	0.199968	-0.170406	0.069780	0.105522	0.011411	0.055852	-0.201022	0.079765	0.072171	-0.143774	-0.073759	0.243961	-0.057161	0.056119	-0.168595	0.134606	-0.007623	-0.018187	-0.043487	0.228693	-0.048949	0.023217	-0.145263	0.140819	
-0.567318	0.082075	0.161426	-0.077935	-0.113092	-0.074886	0.148740	0.186919	0.041323	-0.063608	-0.272145	-0.160782	0.253234	-0.004854	-0.102823	-0.036524	-0.089748	-0.284084	0.056140	0.478762	0.089793	-0.089649	-0.096674	0.047273	0.155972	
-0.158272	0.094595	0.298996	0.287720	0.296818	-0.158280	0.083318	-0.302799	-0.060017	0.180808	0.266647	0.033427	0.271112	-0.164093	0.162632	0.217150	-0.005952	0.175535	0.123862	-0.186593	0.247110	0.296252	-0.097584	0.022299	-0.088675	
0.074356	0.016958	-0.090562	0.022848	0.134722	-0.095869	0.038451	-0.198482	0.008232	0.151653	0.081871	-0.226551	0.171720	-0.090615	0.103477	-0.143979	-0.103993	0.005045	-0.078605	0.036725	0.203111	0.129833	0.065078	-0.169925	0.285394	
-0.179602	0.197331	0.288197	0.157523	0.257716	-0.112875	0.146440	-0.303130	-0.089575	0.200572	0.118709	0.077883	0.460252	-0.186007	-0.062465	0.206810	0.123944	0.191382	0.002593	0.015591	0.087481	0.266852	-0.109742	-0.030624	0.039664	
-0.057066	-0.016247	-0.016127	-0.014757	0.096670	0.058946	0.183938	0.154142	-0.036910	-0.118528	-0.007468	0.060545	0.154020	0.031968	0.071187	0.042760	-0.025755	0.095296	-0.012108	0.149937	-0.121183	-0.019300	0.065504	-0.047979	0.001931	
-0.079601	-0.006231	0.025122	0.120833	0.097068	-0.127110	-0.036158	0.031988	0.114353	-0.078165	-0.054897	-0.077119	-0.038657	0.063709	0.011200	0.044609	-0.100687	-0.204410	-0.007205	-0.121409	0.085581	0.186988	0.096878	-0.010010	-0.051129	
-0.062149	0.158905	-0.016140	-0.151688	0.208058	-0.212935	0.053141	0.038827	-0.234969	-0.066970	-0.190631	-0.251157	0.192335	-0.108155	-0.000042	0.024666	0.090927	-0.118688	0.293582	0.212067	0.026853	0.026967	0.012439	-0.001033	0.139326	
0.130002	-0.236837	-0.226932	0.045572	-0.182433	0.199837	-0.027322	-0.142439	-0.108263	-0.165852	0.019113	-0.094116	0.066014	0.013790	0.040645	-0.057562	0.003794	0.103668	-0.047168	-0.121806	0.038395	0.115956	0.012538	-0.085624	-0.015922	
0.117132	-0.106466	-0.000413	0.064117	-0.043720	-0.074936	0.051398	0.177926	0.056630	0.033340	-0.139825	-0.020339	0.068347	0.014465	-0.058038	0.069436	-0.002799	0.162568	-0.049800	-0.000015	-0.196487	0.074134	0.137482	-0.157540	0.229186	
-0.156018	0.065285	0.244118	0.194606	0.150756	0.014158	0.116278	-0.216497	-0.045523	0.236582	0.108872	0.042579	0.178469	-0.232806	0.082555	0.177732	0.272269	0.094399	-0.032151	-0.313995	0.409677	0.282214	0.031151	0.220260	-0.066789	
-0.088223	0.105804	-0.136414	0.115824	-0.018858	0.131045	0.075426	0.115786	-0.126922	-0.142934	-0.227937	-0.028572	0.152823	-0.153706	0.118035	-0.198843	-0.024133	-0.065958	0.155244	0.005123	-0.067456	0.096230	-0.053323	0.082387	-0.079998	
-0.077229	-0.040893	0.021210	0.204468	0.150510	-0.220012	-0.032060	-0.096439	0.231083	-0.006516	0.047643	-0.102014	-0.044727	-0.089257	-0.016126	0.045635	0.010591	-0.114077	-0.003769	-0.092453	0.177954	0.105450	0.063514	-0.036865	0.145845	
0.125272	0.084224	-0.265644	0.079464	-0.070564	-0.097884	0.024896	0.195917	0.303868	-0.268039	0.172198	0.003692	0.163684	-0.065190	0.051309	0.133072	0.235473	-0.183483	0.145191	0.186006	-0.002033	-0.110176	-0.183639	0.071960	0.076560	
-0.032555	0.198893	-0.050248	-0.024624	0.036038	-0.110520	-0.150428	-0.109237	0.029196	0.095158	-0.047328	0.051274	-0.060297	-0.128352	-0.091672	-0.006306	-0.042206	-0.033471	0.023793	0.033907	0.065996	0.172985	0.123484	-0.188637	-0.073576	
0.102544	-0.120366	0.023073	-0.027770	-0.075770	0.018545	0.091834	-0.213114	-0.092267	0.031032	-0.047511	-0.100226	-0.006456	0.056774	-0.232752	-0.061260	0.074172	-0.039639	0.074044	-0.074166	0.004896	0.111777	0.096001	0.004437	0.118370	
-0.121050	-0.130648	0.168631	0.029653	0.041010	-0.044398	0.167101	-0.069272	-0.010380	-0.064618	0.240964	-0.072204	-0.035340	0.045714	0.110445	-0.209973	0.278202	0.137315	0.033839	0.005080	-0.040126	0.043624	-0.124384	-0.121164	-0.087149	
-0.031075	-0.067926	-0.075988	0.133445	-0.020473	-0.228643	0.009841	0.103751	0.081469	-0.020196	0.157538	0.041402	-0.022927	-0.086787	-0.003186	-0.042992	0.058541	0.251962	0.064663	-0.106628	-0.012240	-0.132309	0.001463	0.006398	-0.009160	
-0.326601	0.272283	-0.277671	0.099517	0.127693	-0.171411	0.121865	-0.054733	0.119087	-0.192462	-0.222824	-0.072447	0.141933	-0.014199	0.103475	-0.139826	-0.007303	0.037452	0.003280	-0.156411	0.113275	-0.047711	0.010504	-0.013940	0.121516	
0.100818	-0.164453	0.200411	0.230770	0.052281	0.138469	0.016874	-0.247617	-0.081313	-0.089830	0.196495	-0.022050	0.215450	-0.142112	0.238125	0.149466	0.020574	0.222131	0.001755	-0.253083	0.021294	0.246553	-0.215743	0.035106	0.078186	
-0.057806	0.029643	0.013177	-0.088448	-0.088536	0.012543	0.183690	-0.023314	-0.014929	0.112497	0.017542	-0.014410	0.014366	0.058900	0.132175	0.101841	-0.104190	-0.051584	0.056148	0.114718	0.071163	0.089912	-0.016525	-0.110481	-0.191349	
0.160050	0.052594	0.084702	0.105474	-0.008875	0.032555	-0.129319	-0.028351	-0.064937	0.123377	0.061894	-0.030583	0.031643	0.109991	0.123314	0.074979	0.255171	0.025608	-0.138409	-0.001446	-0.093195	0.121607	0.081098	-0.122086	0.141434	
0.003020	0.029952	0.002889	-0.055792	0.010981	-0.204517	-0.116885	0.055604	-0.037478	0.060294	-0.007525	0.035035	-0.054640	0.053977	0.008316	-0.028611	0.108261	0.089941	-0.034520	0.088084	0.134784	0.038012	0.157786	-0.033103	0.021889	
0.151797	0.013783	0.250631	0.137676	0.036388	-0.103647	-0.028205	-0.169006	-0.067324	-0.057258	0.221912	0.147353	0.169291	-0.116349	0.069761	-0.217196	0.165474	0.091147	-0.071317	-0.089867	0.072780	0.067402	-0.166288	-0.221035	-0.182259	
0.142572	-0.106845	-0.147520	0.031238	0.067744	0.087535	-0.016075	-0.066949	-0.037253	-0.111421	-0.053103	0.100866	-0.038265	0.037012	-0.058685	0.070867	-0.056818	0.103091	-0.055373	-0.000060	-0.036686	-0.096938	0.055535	0.067779	-0.035345	
0.069100	-0.069855	0.183201	0.206198	0.109567	0.133328	-0.041758	-0.222178	-0.018662	-0.053159	0.051149	-0.047956	0.113891	-0.120178	0.176795	-0.028264	-0.013898	0.217503	0.129603	-0.243074	0.134846	0.153593	-0.240368	0.107027	-0.005791	
-0.059638	-0.067610	-0.140954	-0.079127	0.194485	0.060779	-0.001861	0.044258	0.230777	-0.069996	0.205418	0.161675	0.161373	0.052581	-0.097086	0.072645	-0.115616	0.078380	0.113772	-0.002858	0.231180	-0.102736	0.037085	-0.076278	-0.151409	
-0.217058	-0.107399	0.046971	0.046906	0.153148	-0.019685	-0.042043	-0.082315	0.136579	0.006637	-0.062634	0.044374	-0.069229	-0.171691	0.057912	0.028131	-0.021194	-0.013275	0.002013	-0.068905	-0.002299	0.062567	0.096433	-0.166472	0.231087	
0.102289	-0.217865	0.280182	0.188389	0.008659	0.129938	0.001048	-0.244444	-0.118570	0.160040	0.235589	-0.145880	0.354537	-0.209888	0.163396	0.175796	-0.061088	0.273751	0.105080	-0.263042	0.180895	0.432930	-0.093090	0.065268	0.088615	
-0.133854	-0.017187	-0.076125	-0.026949	-0.182994	0.080717	-0.033500	-0.108150	-0.066241	0.027040	-0.110457	-0.029568	0.011348	-0.041701	-0.129492	0.054509	-0.010257	0.031737	-0.131017	-0.005938	-0.075279	-0.053564	0.131120	0.044246	0.024139	
-0.138751	-0.096483	0.233003	0.230271	0.245350	-0.057854	0.230309	-0.231424	-0.221023	0.238162	0.270155	-0.196187	0.210382	-0.066231	-0.032595	0.115485	0.307721	0.365188	-0.061765	-0.183251	0.293310	0.223236	0.043421	-0.014280	0.029511	
-0.123647	0.139174	-0.049346	0.079909	0.070210	-0.141543	-0.021317	-0.129069	-0.027165	-0.135623	0.110096	-0.072717	-0.045730	0.114769	0.198665	0.054692	-0.143982	-0.136947	-0.155808	-0.055618	0.105548	0.061186	0.075689	-0.087846	0.093578	
0.196738	-0.065995	0.240515	-0.011323	0.312129	-0.149778	-0.013120	-0.032608	0.112087	0.160484	0.313435	-0.007827	0.399577	-0.286730	0.045961	0.307642	0.181598	-0.023329	0.098987	-0.258499	0.091957	0.353006	-0.089798	0.165075	0.116811	
0.022138	0.137473	-0.022193	0.199848	0.096785	-0.246994	-0.145138	-0.060484	0.180020	-0.039252	-0.058814	-0.041464	-0.101601	0.070949	0.143002	0.080090	-0.116562	0.051452	-0.051364	-0.096022	0.184703	0.150950	0.113691	-0.026761	-0.017201	
0.042033	0.048060	0.068573	-0.004203	-0.078775	0.052689	-0.070108	0.014513	0.030598	-0.111670	-0.011438	-0.046407	-0.045735	0.065696	0.088047	0.157838	-0.015156	0.083379	0.012149	-0.098371	0.024621	-0.062466	0.168732	-0.025009	-0.069056	
0.027128	0.029750	0.013963	-0.038643	0.042132	-0.024696	0.018374	-0.183213	-0.040906	-0.084446	-0.111497	-0.168409	0.014220	0.056799	0.047608	0.123797	-0.010372	-0.160174	-0.079783	-0.086088	0.097602	0.205763	-0.007710	0.037280	0.196787	
-0.075183	0.135282	0.166383	-0.041633	-0.013299	-0.098666	-0.067773	0.017469	0.227857	0.172843	0.138542	-0.167711	-0.031714	0.171375	0.110350	0.053569	-0.075792	0.134241	-0.026400	0.065464	0.029051	0.067664	0.238128	0.044959	0.009669	
0.140389	-0.032439	0.114378	-0.050030	0.132798	-0.135242	-0.101446	0.183280	-0.044213	0.036995	0.017801	-0.074954	0.018003	0.048848	-0.204447	0.193143	-0.014881	0.121384	-0.077133	-0.092662	0.076845	-0.105872	-0.034505	-0.139605	0.202127	
0.114936	0.008228	0.138512	0.123945	0.088758	0.014661	0.110230	0.027552	-0.039077	-0.045385	-0.007158	-0.109080	-0.025444	-0.012586	-0.231482	-0.053315	0.106824	0.071512	-0.075153	0.051094	-0.000153	0.068807	0.131551	-0.072581	0.022167	
0.172349	0.168044	0.189855	-0.007108	0.174217	-0.236591	0.212668	-0.296767	-0.106858	0.167758	0.251224	0.006961	0.129804	-0.167286	0.045966	0.160253	0.188124	-0.014665	0.024441	-0.257929	0.120915	0.141399	-0.098327	0.073825	-0.115990	
-0.071755	-0.209783	-0.141190	-0.025169	0.245359	0.041785	0.067867	0.077344	0.202840	-0.067690	0.172247	-0.020640	0.137067	0.165180	-0.068352	-0.053354	-0.108399	0.233589	0.066913	0.084209	0.272846	-0.161822	0.235121	-0.136409	-0.115270	
-0.086910	0.102126	-0.067062	-0.049797	0.073653	-0.187486	0.059168	-0.033161	0.015555	0.008689	-0.121647	-0.132525	0.057099	0.077547	0.039733	0.057859	-0.103300	0.200643	0.180373	-0.070307	0.127952	-0.142321	-0.109127	0.036944	0.055546	
-0.414920	0.031594	-0.186962	-0.140191	0.119618	-0.140808	0.068165	0.024476	-0.002724	-0.114824	0.146512	-0.217160	0.109301	-0.083685	0.167079	-0.386726	0.233661	0.371461	0.084805	0.053500	0.047603	-0.179564	-0.331164	-0.100504	0.056516	
0.091944	-0.011950	0.004050	-0.193220	0.150318	0.004488	-0.041329	0.114966	-0.127730	0.245171	-0.003045	0.163152	-0.011711	-0.146197	-0.140433	0.031375	0.112458	0.048091	0.183417	0.216770	-0.043361	-0.058478	-0.171097	0.112472	-0.159526	
0.128178	0.062382	0.133501	0.011573	0.058593	0.111956	0.091496	0.045687	0.018505	-0.020670	-0.043805	-0.120391	-0.017054	0.020723	-0.172715	-0.074381	0.119665	0.052805	0.016377	0.050749	-0.001708	0.138712	0.066424	-0.112207	0.105739	
-0.172194	0.086770	-0.141986	0.160893	0.018140	0.093257	-0.099888	-0.195622	-0.018774	0.032619	0.123045	-0.000069	0.096680	0.004360	-0.089928	0.003356	-0.052258	0.316215	-0.039709	-0.166914	0.020893	-0.067793	-0.127698	0.028762	0.037132	
0.059362	0.113112	-0.100875	-0.074802	-0.064540	-0.194456	0.000257	-0.036420	0.037785	0.066735	0.042644	-0.047067	0.095082	-0.018078	-0.107986	-0.021689	-0.021353	0.014823	-0.037319	0.076279	0.158551	-0.078182	0.017557	0.071749	-0.118881	
0.148344	0.114682	-0.073279	0.024221	0.126849	0.072489	-0.118729	0.102736	-0.155665	-0.014475	-0.127269	0.073875	-0.017426	-0.113939	-0.144340	0.118081	0.087398	0.022173	0.031137	0.095308	-0.014947	-0.031323	-0.008853	0.088472	-0.182260	
0.056599	0.070988	-0.013447	-0.064642	0.135781	-0.111907	0.024195	0.056339	-0.067854	0.005899	-0.208331	-0.139350	0.105133	-0.133599	-0.022454	-0.110629	-0.095682	-0.087847	0.161127	0.032495	0.156285	-0.027929	-0.010219	0.172461	0.152139	
-0.146022	-0.085164	-0.118037	-0.152975	-0.092335	0.139416	0.015321	0.090810	-0.077390	-0.032463	-0.061196	0.108422	-0.022589	0.122688	-0.043010	-0.047131	0.011294	-0.065723	-0.087554	-0.010442	-0.111620	-0.039769	-0.003095	-0.023192	0.177369	
0.025952	-0.023969	0.237790	0.166896	0.070374	-0.024280	0.018462	-0.147842	-0.017356	-0.135740	0.152110	0.106862	0.185213	-0.141671	0.132494	-0.200721	0.070765	0.089409	-0.067313	-0.157209	0.109048	0.144142	-0.190120	-0.056019	-0.138220	
-0.008027	0.104492	0.021268	0.108107	0.170559	-0.138579	0.004366	-0.076271	0.176992	0.056461	-0.059943	-0.006282	-0.023039	0.060584	-0.051971	0.091181	0.070356	-0.064367	-0.075145	-0.159031	0.194834	-0.006063	0.021644	-0.046515	0.212952	
-0.089330	-0.096700	-0.070686	0.171649	-0.184710	0.175529	-0.081440	-0.185807	-0.036355	-0.050828	0.031337	0.019886	0.151682	-0.153571	-0.070174	-0.009883	-0.233276	0.107043	-0.094624	-0.184052	-0.145809	-0.034125	-0.172694	0.024727	0.128820	
0.176880	-0.040980	0.188580	0.073160	0.077167	-0.077024	0.047320	-0.189705	-0.105335	-0.155930	0.161129	0.107734	0.161384	-0.099603	0.051669	-0.181010	0.131548	-0.107824	-0.103534	-0.153463	0.113224	-0.101493	-0.194710	-0.078972	-0.054337	
-0.069781	0.179148	-0.115207	0.021193	0.002749	-0.106997	0.144275	-0.017269	0.054899	-0.006422	-0.138446	-0.103797	0.259103	-0.107378	0.210283	-0.118861	-0.103460	-0.151634	0.208190	-0.048141	-0.122155	0.125013	0.001124	0.125840	-0.200492	
-0.009785	0.045791	0.224030	0.115930	0.277818	0.067204	0.123195	-0.031422	-0.300224	0.136400	0.198711	0.175834	0.274145	-0.288499	-0.046450	0.208531	0.135366	0.164360	-0.024677	-0.307148	0.102675	0.315866	-0.114593	0.035302	0.112550	
0.020700	0.025336	-0.091115	-0.070547	0.129082	0.179158	-0.088449	0.028199	-0.203381	0.036339	-0.093064	-0.119434	0.050321	-0.102265	-0.106345	0.166665	0.052293	-0.050260	-0.016493	0.167255	-0.030023	0.041638	-0.054569	0.102419	-0.033214	
-0.118643	0.065905	0.077928	0.073604	0.155160	-0.240983	-0.044238	-0.019354	0.147040	0.013822	0.110797	-0.048978	0.107897	-0.011654	0.043682	0.166073	-0.068800	-0.077165	-0.019031	-0.071204	0.127680	0.071032	-0.043623	-0.106434	0.166501	
0.096729	0.052915	-0.003081	-0.050047	-0.212197	0.045991	-0.139682	-0.016811	-0.006752	0.035811	-0.043180	0.155102	-0.108878	0.155762	0.031249	-0.030789	0.063064	-0.022027	-0.078657	0.027495	-0.083516	0.054099	0.122252	-0.109138	0.077906	
0.146310	-0.072705	0.226081	0.132823	0.167098	-0.254223	0.005175	-0.038580	-0.309862	0.124787	0.327904	0.086720	0.242151	-0.302419	-0.154579	0.285986	0.198053	0.097649	0.042639	-0.147784	0.235129	0.170347	-0.098955	0.004089	-0.093782	
0.018913	-0.057305	0.030938	0.184002	0.140392	-0.102374	0.199634	-0.207433	-0.011737	0.213339	0.337009	-0.094283	0.038244	0.008015	0.140918	-0.033766	0.341301	0.293240	-0.037715	-0.205013	0.151219	-0.012016	-0.074818	-0.001911	-0.051015	
0.096241	0.018034	-0.087680	0.031004	-0.070356	0.078196	-0.035545	-0.170788	0.019227	-0.130237	0.050551	-0.081273	-0.020177	0.008674	0.012036	-0.063759	-0.095314	0.005243	-0.143884	-0.197082	-0.038739	-0.038612	-0.015647	-0.122103	-0.018386	
0.059159	-0.147047	0.024258	0.035068	-0.150430	0.077165	-0.020041	-0.274263	0.024766	-0.072462	0.244833	0.029585	-0.022168	-0.112278	0.165501	-0.176307	-0.093519	0.115903	0.178886	-0.104496	-0.013844	-0.018086	-0.048412	0.083837	0.001266	
0.043610	-0.136336	-0.045108	-0.148554	0.211000	0.049100	-0.062499	-0.043846	0.278073	-0.015742	0.185079	0.159282	0.117216	0.092962	-0.067067	0.020284	-0.179181	0.076325	0.140143	0.125360	0.261824	-0.121812	0.037444	-0.062981	-0.168550	
-0.007525	0.267150	-0.082751	0.095332	-0.035682	-0.115505	0.184754	-0.037751	0.089234	-0.005261	-0.027467	-0.108926	0.068640	0.082790	-0.097826	-0.102810	0.039535	0.074855	-0.030655	-0.056959	0.162747	-0.103395	0.158497	-0.016757	0.108843	
0.118778	-0.210335	-0.058769	-0.197148	0.211122	-0.007021	-0.001211	-0.019832	-0.120258	-0.027493	0.244119	0.267098	0.209372	0.017413	-0.027635	-0.037262	-0.124831	0.110436	0.184520	0.134750	-0.079707	-0.058621	0.093514	-0.205318	-0.114317	
0.060883	-0.005423	0.067321	0.101708	0.056723	0.001452	-0.112039	0.175432	0.107614	-0.125559	-0.205340	-0.059689	-0.007127	-0.082501	0.013696	-0.189496	-0.072767	0.156712	0.138083	0.009662	-0.029758	-0.041013	0.031049	-0.009605	0.133689	
0.164058	-0.117692	-0.033859	-0.184453	0.075620	0.148480	-0.092793	0.052268	-0.128055	0.203384	-0.065148	0.074247	-0.064902	-0.120057	-0.103737	-0.037657	-0.067605	0.095169	0.091713	0.128321	-0.137606	0.122016	-0.167541	0.203972	-0.079407	
0.033104	0.077689	-0.070383	0.167097	-0.212006	0.210950	-0.009284	-0.261010	0.024075	-0.139016	0.090356	-0.017111	0.031352	0.081609	-0.021155	-0.143054	-0.108434	-0.061988	0.101013	-0.139783	0.023748	-0.072880	-0.102120	-0.083237	-0.038295	
0.118434	-0.029084	-0.097916	0.054365	-0.099547	0.204987	-0.122227	-0.035090	-0.180916	-0.079992	0.097432	-0.060045	-0.126638	0.037421	-0.017582	0.042370	0.057292	0.134412	0.045347	0.012876	0.124737	0.050713	0.014204	-0.076146	0.060472	
0.170703	0.019498	0.067041	0.023146	-0.140717	-0.017573	-0.144694	-0.059232	0.000908	-0.003620	0.021625	-0.013644	-0.146890	0.201952	0.053841	-0.113392	0.231696	-0.113388	-0.018446	-0.006920	-0.089477	0.098391	0.061040	-0.061440	0.033738	
0.160621	0.076682	-0.056241	-0.029506	0.229013	0.100710	-0.162736	0.091170	0.082129	-0.062651	-0.200534	-0.231620	0.111393	0.034934	-0.048015	0.093224	-0.009778	0.105989	0.230199	-0.094656	-0.042844	-0.071485	-0.002017	0.120615	0.183734	
-0.013116	-0.085322	-0.130281	-0.170255	0.089565	0.071872	-0.016685	0.120327	0.154911	-0.141764	-0.086082	0.109983	-0.013103	0.002086	-0.001915	-0.014591	-0.026901	-0.161273	0.004588	-0.000409	-0.014472	-0.053973	-0.050166	-0.067326	0.176925	
0.104111	-0.087212	0.130085	0.108357	0.013707	-0.108477	0.121073	0.137094	-0.010859	-0.079678	0.061877	-0.077755	0.007394	0.079738	-0.013443	-0.181040	0.256238	0.012288	-0.201887	-0.024944	-0.052679	0.041980	-0.137548	-0.176094	-0.186444	
0.064687	0.018483	0.073972	0.225709	-0.071381	-0.007703	-0.102477	-0.091446	-0.064413	0.120297	0.069161	0.143441	0.097231	0.062976	0.026298	0.055524	0.205392	-0.073569	0.033249	0.008523	-0.062585	0.246064	0.003840	0.037668	0.141714	
-0.113464	0.259860	-0.059239	0.040127	-0.040199	-0.103429	0.138552	-0.219299	0.055311	0.044688	-0.014385	-0.106705	0.083871	0.008482	0.061794	-0.049679	0.183096	-0.045097	-0.030343	-0.041991	0.249066	-0.150894	0.048628	-0.121240	0.094374	
-0.152279	0.028477	-0.045448	0.126312	0.148219	-0.137051	0.035357	-0.158544	0.133161	-0.120466	-0.064846	-0.192787	-0.109488	0.019513	0.179168	0.033634	-0.126930	-0.102467	0.001384	-0.067555	0.080792	0.160616	0.046497	-0.039652	0.210313	
-0.038484	0.035687	0.017174	-0.021009	0.081897	-0.058711	0.120536	-0.062890	-0.200227	-0.010611	-0.069030	-0.046465	-0.041883	-0.015899	-0.059164	0.038693	0.056944	-0.153600	0.040989	-0.136363	-0.000899	0.123743	0.009926	-0.045922	0.211031	
-0.109146	0.088496	0.027333	0.020032	0.130972	-0.130108	0.201194	-0.010042	-0.052504	0.139706	0.027903	-0.169704	0.173416	-0.300048	0.041931	-0.062095	-0.134405	-0.075177	0.147074	0.061451	0.056920	-0.044656	0.008829	0.068283	0.046428	
-0.096601	0.117401	-0.165005	-0.027203	0.161816	0.051119	-0.099466	-0.073229	0.044415	-0.072810	0.174416	0.155524	-0.013510	-0.038000	0.033562	-0.014303	-0.006044	-0.004615	-0.070458	0.013953	-0.144249	-0.005157	0.094029	-0.034529	0.099208	
0.038262	-0.036487	-0.054986	-0.236991	0.024479	-0.031230	0.058722	0.081711	-0.070799	0.058089	0.043083	0.026085	0.114735	0.006154	0.124838	0.064259	-0.115764	0.046767	0.034598	-0.054561	0.110273	-0.123691	-0.145416	-0.101465	0.150682	
-0.105846	0.117210	0.025270	0.160773	-0.148568	-0.097819	-0.065291	0.059101	-0.134966	-0.073181	0.184379	0.167055	-0.059237	0.111733	-0.065371	0.125501	-0.082647	0.051247	-0.123839	0.033353	-0.106465	-0.073433	0.133289	-0.037266	-0.124858	
-0.005948	0.132701	0.060085	-0.082772	-0.012469	-0.125937	0.046324	0.040680	-0.068444	0.117059	0.036384	0.000301	0.070922	0.119258	0.003567	0.101971	-0.129473	-0.087523	0.035754	0.104442	-0.072645	0.059661	-0.011839	-0.070040	0.051764	
-0.052216	0.246033	-0.264488	0.105927	-0.149237	0.083419	0.014446	0.042037	-0.016164	-0.086454	-0.326229	-0.272450	0.126641	0.048232	0.035927	-0.142459	0.005885	-0.109950	-0.154397	-0.105722	0.049553	-0.035151	0.078313	-0.243515	0.198423	
-0.147636	0.338585	-0.097647	-0.035408	-0.038526	-0.073330	0.073613	-0.070035	0.120031	0.062475	-0.137146	-0.065380	0.243269	-0.072091	0.023246	-0.019447	0.172582	0.006575	0.033759	-0.098888	0.065796	0.093810	0.087898	-0.363614	0.140904	
-0.113919	-0.075119	-0.084507	0.147557	-0.072599	-0.172077	0.184791	-0.051096	0.056649	-0.028661	0.180245	-0.014872	0.072774	0.097354	0.106608	-0.244198	0.203726	0.032568	0.128372	-0.139548	-0.087696	-0.034582	-0.079634	-0.068179	-0.051856	
-0.002269	-0.035425	-0.038930	0.169046	-0.003357	-0.084889	-0.035805	0.023941	0.091156	-0.023675	0.100028	0.186998	-0.161825	0.063189	-0.035662	-0.104142	-0.049720	-0.077084	-0.015131	0.061725	-0.078099	0.026533	0.119407	0.085835	-0.138721	
-0.040223	0.031822	0.001971	-0.100948	0.072014	0.111081	-0.017666	0.061351	-0.135763	0.018897	0.149205	-0.069587	0.089476	0.035038	0.096540	0.051605	-0.133414	-0.141617	0.006708	-0.035513	0.096658	-0.001733	0.055293	-0.104513	-0.164355	
-0.009432	-0.111212	-0.026851	0.051226	-0.083581	-0.226686	-0.150260	-0.144489	-0.040055	-0.062616	0.003942	-0.105948	-0.028104	-0.056334	0.133277	0.112443	-0.210700	-0.110797	0.088196	-0.043434	0.210857	0.239661	-0.079440	-0.023170	0.081144	
0.015432	0.012818	0.066301	-0.072849	0.031372	-0.058637	-0.134134	0.080459	0.143091	0.024325	0.015461	-0.018275	-0.061511	-0.118746	-0.097284	-0.085677	0.097071	-0.098230	-0.146727	-0.082919	0.023429	-0.086790	-0.068099	0.009168	0.000276	
-0.054158	0.031291	-0.132128	0.023616	0.013807	-0.028344	-0.084290	-0.058056	0.061821	0.024182	0.048961	-0.014022	-0.056483	0.083889	-0.054759	-0.074111	-0.007789	0.153105	-0.182619	0.062221	-0.122107	0.028044	0.164591	0.015301	-0.063008	
-0.197939	0.082362	-0.205038	-0.021845	0.061526	-0.049555	-0.001634	0.066603	0.082189	0.085862	-0.032816	0.017564	0.222115	-0.039794	0.058512	-0.040888	0.043532	0.098531	-0.034804	0.074707	0.069045	-0.065871	-0.134878	0.051465	0.118270	
-0.116367	0.304975	-0.204618	-0.052585	0.113551	-0.125098	-0.289666	0.131629	-0.106733	0.121270	-0.201285	-0.054986	0.300751	-0.280185	-0.075981	0.037381	0.047849	0.223531	0.230393	0.041831	-0.028441	-0.043017	-0.318117	0.051564	0.119715	
0.044597	0.076475	-0.039190	-0.144287	0.027172	-0.085552	0.028144	0.019311	0.091398	-0.123981	-0.062150	-0.111511	0.091109	0.143247	0.005944	0.140949	-0.003448	0.101238	0.067733	-0.079613	-0.043950	0.111149	0.042710	0.010898	-0.049502	
0.152250	0.115757	0.027635	-0.116095	-0.068536	-0.011780	0.085262	0.069390	-0.057573	-0.024627	0.034633	-0.118550	0.151063	-0.176375	0.004598	-0.003274	0.009827	0.203399	0.091101	0.053450	0.144229	-0.150477	-0.055052	0.089270	0.032422	
-0.073670	0.012301	-0.010160	-0.015109	0.148238	0.085905	-0.050991	0.165472	0.114617	-0.041752	-0.001321	-0.139549	0.205333	-0.018236	-0.176059	0.004366	-0.143120	0.138538	0.062687	0.126517	0.112963	-0.000932	0.085849	-0.122040	-0.051280	
0.055553	-0.082007	0.198248	0.105577	0.069881	-0.205901	0.088927	-0.204031	-0.139829	0.186270	0.164581	-0.014680	0.076271	-0.044043	0.010281	0.161776	0.111156	-0.035090	0.009346	-0.253710	-0.050179	0.147978	-0.015747	-0.134471	-0.081093	
-0.135479	0.008241	0.013263	0.140312	-0.124338	-0.036270	0.059068	-0.040547	0.151637	0.000894	0.021899	0.078202	0.164287	-0.137490	-0.098133	-0.011416	-0.225484	0.003713	-0.018220	0.044117	-0.031451	-0.035339	-0.100490	0.171935	0.074824	
0.146004	0.101573	-0.136037	-0.235224	0.053101	-0.193815	-0.116186	-0.030014	-0.036850	0.055872	-0.210933	-0.031788	0.194806	-0.077265	-0.168727	0.126989	0.169905	-0.225164	0.172747	0.155212	-0.036934	-0.120104	-0.209499	0.091202	0.120320	
0.070453	-0.019818	-0.064884	-0.099939	-0.067508	-0.048123	-0.118669	0.141562	0.132010	-0.087180	-0.130294	-0.170954	-0.023409	0.021906	-0.066069	-0.063813	-0.090080	-0.003963	0.130935	-0.046725	0.042749	-0.040482	0.028282	0.174701	0.088033	
-0.197115	0.274172	0.019840	-0.204298	-0.032153	-0.018794	-0.346307	0.038800	0.007942	-0.272501	-0.027476	-0.232468	0.054060	-0.216923	-0.066937	-0.211552	-0.010590	0.427848	0.109453	0.025779	0.145414	0.017096	-0.074896	-0.016380	0.210238	
0.027470	-0.043349	-0.150413	-0.073450	0.169828	0.073968	-0.044643	0.213591	0.139945	-0.009125	-0.050430	0.229969	-0.156193	-0.109178	-0.110922	0.031637	-0.045669	0.032098	-0.097601	0.114573	-0.152126	0.161925	-0.026561	0.101636	-0.131540	
-0.075999	-0.015672	-0.031227	0.066221	0.002676	0.189287	-0.016858	-0.273312	0.154221	-0.147673	0.049596	-0.013783	-0.015763	-0.052941	-0.128947	-0.009540	0.011344	-0.097813	-0.060794	-0.022725	0.000295	-0.099956	-0.066291	-0.118320	-0.078835	
0.093493	-0.004604	-0.096157	0.193881	-0.121952	-0.054952	0.064330	-0.217012	-0.122761	-0.156999	-0.003119	0.099797	-0.060717	-0.089506	-0.142080	0.012346	-0.019898	-0.068113	-0.139826	0.011109	-0.194193	0.042337	-0.221352	-0.029123	0.019613	
0.090152	-0.070339	0.249560	0.165356	0.017366	-0.160268	0.168765	-0.242251	-0.057720	-0.053410	0.225854	0.179266	0.089188	-0.029568	0.085920	-0.206984	0.302074	0.192406	-0.081736	-0.165836	-0.025874	0.009337	-0.226176	-0.120898	-0.169758	
-0.069326	0.036361	0.194602	0.008003	-0.121805	-0.012610	0.223021	0.173195	0.108493	-0.058603	-0.138213	-0.049195	0.056449	-0.011757	-0.053268	-0.023210	-0.020702	0.154356	0.027213	0.191491	-0.096829	-0.042509	0.027888	0.072333	0.131545	
-0.048538	-0.010894	0.244200	0.215256	0.349482	-0.109436	0.078809	-0.196472	-0.010720	0.246509	0.259615	0.139967	0.242019	-0.172411	0.058006	0.132301	0.057547	-0.065482	0.015368	-0.254384	0.063287	0.213892	0.098604	-0.136605	-0.126081	
-0.088332	0.055888	-0.177877	-0.012594	0.159468	-0.123737	-0.157929	0.127686	-0.006063	-0.049707	-0.046138	-0.040904	0.164919	-0.054197	0.043746	-0.235158	0.023717	-0.149931	0.147832	0.099863	0.016145	0.070089	0.021909	-0.179134	0.075046	
0.147314	0.127650	0.224203	-0.114104	0.070785	-0.004076	0.127422	-0.053090	0.022854	0.097260	0.107707	0.154883	0.015834	-0.004825	0.080059	0.007770	0.086504	-0.041945	-0.023895	0.093720	0.071805	-0.055913	0.026659	0.133005	0.023262	
-0.154425	0.160297	-0.017567	-0.067618	0.117343	0.040180	0.008058	-0.079146	-0.001414	0.115408	-0.147946	-0.019109	0.116070	-0.039729	-0.103961	0.040131	-0.024059	0.144573	-0.025094	0.040420	0.109677	-0.018702	0.001992	-0.149853	0.239581	
-0.150680	0.127887	0.225835	0.146006	-0.006912	-0.002989	0.157453	0.017141	-0.088317	0.053568	-0.072145	0.159184	-0.036520	0.064868	-0.049735	0.012395	0.087307	0.124372	0.173380	0.193794	0.077702	0.065680	0.026856	0.044881	0.019079	
-0.160323	-0.018684	-0.224415	0.010062	0.130435	-0.135875	0.106829	-0.031637	0.098646	-0.026508	0.180907	-0.147460	0.001564	0.004370	0.119928	-0.092285	0.212068	0.380990	0.086589	0.020089	-0.018223	-0.134586	-0.136282	-0.025429	0.151648	
-0.152847	0.241391	-0.334906	0.003544	0.033443	0.052492	-0.182979	0.038421	0.150494	-0.192111	-0.031876	-0.177109	0.351811	-0.145303	0.015373	-0.180833	-0.015232	0.258654	0.118615	0.098046	0.142649	-0.016799	-0.027214	-0.103550	0.106226	
0.321650	0.065880	-0.020011	0.016693	-0.206740	0.159861	-0.050377	-0.009016	0.061750	0.022536	0.072160	-0.099312	0.243260	-0.020420	0.008427	0.062675	0.096192	-0.070671	0.201446	0.207409	0.078061	0.070608	-0.107291	0.194926	0.159274	
-0.225622	0.050834	-0.040767	0.139714	0.147278	-0.254669	-0.134124	-0.116340	0.215384	-0.044541	-0.033392	-0.019291	-0.136741	0.004552	0.145626	-0.008157	-0.073178	0.076141	-0.069798	-0.094692	0.230120	0.163722	0.094399	-0.108523	-0.001773	
-0.085182	0.189187	-0.023635	-0.073809	0.030615	-0.153764	-0.114816	0.183852	0.250366	-0.185727	-0.021554	-0.077404	0.016004	0.072476	0.024329	-0.047806	-0.076002	0.111405	0.021459	0.001828	-0.092203	-0.193084	-0.018735	0.093089	0.046880	
-0.111394	0.180608	-0.115906	-0.014258	-0.089762	0.082946	0.083521	-0.187448	-0.145925	-0.159137	-0.095024	0.076745	-0.109058	-0.223703	-0.098132	-0.069400	-0.151295	0.223033	-0.056063	0.061398	-0.083648	0.227014	-0.160802	0.078699	0.201097	
0.017349	-0.120605	-0.105698	-0.045518	0.215607	0.026820	0.042034	0.011732	0.207262	-0.094575	0.144501	0.126951	0.137110	0.130767	-0.097254	-0.030269	-0.172329	0.144876	0.106821	0.008166	0.277782	-0.159041	0.051943	-0.057959	-0.192378	
0.168676	-0.019764	0.180677	-0.202554	0.161861	-0.168485	-0.198902	-0.022453	-0.322576	-0.039554	-0.018226	-0.197471	0.037795	-0.015696	0.169312	-0.223060	0.004900	-0.073613	0.019433	-0.098730	-0.131568	0.075860	0.031264	-0.049638	0.247800	
0.154360	-0.035590	-0.134976	0.127708	-0.127028	-0.098432	0.011668	0.055276	-0.022427	0.112475	0.119073	0.051296	-0.172313	-0.005642	-0.009722	-0.075351	-0.056291	0.026261	0.091919	-0.035545	0.062063	-0.021790	-0.144429	0.029263	0.031353	
-0.069376	0.003720	0.039694	0.016794	-0.066782	0.053617	0.074190	0.002699	0.167835	0.065318	0.012053	-0.146094	-0.016118	0.046646	0.027117	0.069223	-0.029556	0.086326	0.016210	0.067560	-0.022397	0.024514	-0.018279	0.150689	0.063010	
0.075010	0.083676	0.098668	-0.017285	0.130616	-0.028704	-0.150689	-0.177195	0.112643	-0.007216	0.060112	0.003815	0.161746	-0.000474	-0.063332	-0.011473	-0.071010	-0.098669	0.065220	0.103633	-0.029399	0.041104	0.003668	0.007198	-0.160397	
-0.116305	-0.032087	-0.110910	-0.098499	-0.006261	-0.021173	0.135107	0.100678	-0.001714	0.061599	-0.056868	0.008503	-0.163663	0.117297	0.128368	-0.036493	0.082898	-0.101712	-0.058259	0.001177	-0.079086	-0.020335	-0.014748	-0.125889	0.148490	
-0.099166	-0.011936	0.056528	-0.025374	0.053883	-0.049381	0.141449	-0.056240	-0.100275	0.059684	0.001021	0.130590	0.157613	-0.289813	0.080150	-0.078916	-0.029553	-0.146112	0.246676	-0.188229	0.195814	-0.044398	-0.076976	-0.063374	0.206799	
0.050387	-0.023742	0.200360	-0.057889	0.305045	-0.058774	0.032850	-0.300924	-0.212953	0.232585	0.358355	0.106721	0.406355	-0.176653	0.118614	0.224710	0.211481	0.196144	0.068981	-0.089135	0.331718	0.133782	-0.123447	0.031451	-0.100727	
0.048784	0.030581	-0.057145	0.090662	0.095040	-0.204530	0.070406	-0.194342	0.196488	-0.109513	-0.090812	-0.125824	-0.034780	-0.002320	0.186278	0.017864	-0.077054	-0.005319	-0.006485	-0.122750	0.186959	0.124197	0.098831	0.066640	0.049589	
-0.044191	-0.134768	0.292223	0.143404	0.085131	-0.098448	-0.075052	-0.331591	-0.030474	0.138661	0.199827	-0.060932	0.375274	-0.041078	-0.032609	0.211495	0.059353	0.293123	0.095452	-0.282466	0.101778	0.384881	-0.093291	0.185162	0.050583	
0.108456	-0.205970	-0.090956	0.114413	-0.126390	0.214402	-0.086592	0.040917	0.077946	-0.118869	0.023383	-0.056248	0.067079	-0.186795	-0.112615	0.065800	-0.045224	0.164634	-0.149283	0.155273	-0.273064	-0.057172	-0.197860	-0.083697	0.002934	
0.020966	-0.154188	0.076889	-0.077790	0.061234	-0.052565	0.066035	0.075198	0.141281	-0.020293	0.090127	-0.005347	-0.051578	-0.119277	0.019844	-0.101701	0.093001	-0.224992	-0.107876	-0.073096	-0.055158	-0.051522	0.036071	0.005599	0.008061	
0.196115	0.080736	0.236385	0.274714	0.070372	-0.200579	0.120684	-0.282478	-0.042566	0.132352	0.196287	0.022517	-0.001400	-0.165277	0.151786	0.141899	0.018392	-0.056573	0.116121	-0.247117	0.118306	0.180385	-0.045292	0.138889	-0.109894	
0.104674	0.065555	0.008930	-0.018362	-0.047780	-0.132593	-0.024139	0.104228	-0.021552	-0.110031	0.008528	-0.023686	-0.007699	0.060608	-0.060340	0.007157	0.000014	0.010519	0.048519	0.016997	0.140008	0.105280	0.038775	-0.072495	0.208042	
0.037134	0.090914	-0.025638	-0.009447	0.125065	-0.135249	-0.138932	0.113260	0.025637	-0.038908	0.068593	0.017984	0.157804	-0.160063	-0.039862	0.011033	0.012238	-0.165584	0.177872	0.026703	0.124949	-0.062473	0.011393	-0.002665	0.080044	
0.061221	0.098666	-0.006358	0.010310	0.196029	-0.143502	-0.104028	-0.113997	0.209869	-0.080064	-0.001579	-0.138114	-0.101739	0.032419	0.153643	0.060797	-0.072538	-0.048538	0.062086	-0.046584	0.113228	0.065590	0.001314	-0.009393	0.049427	
-0.063711	0.256735	-0.126841	-0.045512	-0.039219	-0.076382	0.146342	-0.057417	0.104348	0.064816	-0.133477	-0.100322	0.206395	-0.070305	0.022687	-0.103939	0.189777	-0.017665	0.046286	-0.088187	0.081557	0.103144	0.059320	-0.327704	0.136823	
0.058889	0.019125	-0.070586	-0.135630	0.045374	-0.009984	-0.042777	0.069568	0.052943	-0.067091	0.249650	-0.035768	0.139841	0.027986	0.064316	0.041023	-0.097692	0.096886	0.083952	0.089100	0.101318	0.020055	0.125194	-0.203358	-0.099263	
0.108261	-0.070425	0.152976	0.020773	0.171681	-0.076181	-0.141627	0.119490	-0.110651	-0.004257	0.110118	-0.093329	-0.076170	0.092711	-0.093661	0.141702	-0.086747	0.141497	-0.055534	-0.071511	-0.073302	-0.096215	-0.095477	-0.126487	0.181718	
-0.057547	0.383794	-0.069709	0.012524	-0.072637	-0.082692	0.018437	-0.090562	0.081567	0.015052	-0.123569	-0.068714	0.184269	-0.022601	0.038648	-0.059753	0.176600	-0.155570	0.028857	-0.082193	0.022964	-0.022727	0.142095	-0.163370	0.061304	
-0.020515	0.011990	0.051523	0.010815	-0.069118	0.021310	-0.035723	-0.122620	-0.136276	-0.078916	-0.085731	-0.075594	-0.010934	0.039496	-0.201411	0.052376	-0.006938	0.017205	0.138697	0.046748	-0.000759	0.236739	-0.002756	-0.101064	0.119064	
0.059362	0.096853	0.043238	-0.150930	0.025458	-0.184063	-0.162112	-0.026809	0.089308	0.113153	-0.042647	-0.088714	0.140430	-0.125293	0.002444	0.032223	0.071519	0.065637	0.037940	0.161751	0.084546	-0.131078	-0.093441	0.174862	0.164201	
0.064352	0.115299	-0.092945	-0.291435	0.029776	-0.183008	0.081480	-0.046101	-0.010304	0.015928	-0.066375	-0.268073	0.254125	-0.115456	-0.037281	0.175774	0.083263	-0.047442	0.178147	0.296970	0.075553	-0.201157	-0.255761	0.020206	0.293142	
0.129597	-0.315441	-0.086330	-0.140203	0.119532	0.096670	-0.051541	0.145254	0.281265	-0.091835	0.329980	0.171346	0.202233	0.058876	0.000669	-0.013421	-0.314775	0.173218	0.214299	0.094933	0.218031	0.077418	0.138180	-0.159245	-0.027033	
-0.060746	0.036836	-0.081949	-0.214988	-0.041654	0.059656	0.067874	0.123524	0.165429	-0.086936	-0.068414	0.112297	-0.122145	0.076568	0.060707	0.053288	-0.000912	0.121129	0.037159	-0.047894	-0.081927	-0.131214	-0.053695	-0.048071	0.111455	
0.054679	0.098395	0.220100	-0.003348	0.317385	-0.085437	0.021000	-0.261131	-0.086571	0.287241	0.388535	0.164841	0.248385	-0.083507	-0.030516	0.340754	0.250856	0.053431	0.089480	-0.069757	0.326763	0.303586	-0.092863	0.124205	-0.031531	
0.149349	0.150471	-0.091316	0.098239	0.024477	-0.115259	0.017064	-0.029370	0.164909	-0.114856	-0.076031	-0.085486	0.069134	-0.035874	0.062088	-0.078451	-0.015481	0.133291	-0.029734	0.032824	0.107426	-0.016229	0.165927	-0.033433	-0.075513	
-0.165351	-0.079322	-0.077595	-0.108189	0.059901	0.156796	0.087765	0.120169	0.063476	0.111980	-0.055291	-0.030217	-0.147607	0.059779	0.006852	-0.052934	0.093226	-0.035025	-0.051741	-0.057458	-0.110592	-0.073750	-0.030386	-0.145874	0.105492	
-0.064858	-0.043291	-0.032435	-0.141131	-0.004118	-0.015876	0.211908	-0.048654	0.006205	0.083083	0.151414	-0.279894	0.096681	-0.071596	0.003012	-0.100501	-0.050169	0.029403	0.091667	-0.061289	0.044306	-0.045295	0.169054	0.035367	0.166354	
-0.118646	0.133988	-0.128846	0.197843	-0.097415	-0.216997	0.049820	0.081973	0.124784	-0.143762	0.203899	-0.021521	-0.228685	-0.117532	0.081880	-0.130113	-0.037424	0.191113	-0.006102	0.029412	0.073902	0.007897	-0.037040	-0.050820	0.059298	
0.033149	0.008978	0.125608	-0.069464	-0.026988	0.027619	0.086166	-0.197407	-0.015698	-0.029633	-0.133301	-0.129598	0.049937	0.092551	-0.193799	0.130881	0.111164	0.055566	-0.063083	0.047406	-0.001622	-0.090358	0.054813	-0.080255	0.102323	
-0.130134	-0.107442	-0.053186	-0.128686	-0.106621	0.125284	0.036180	0.167973	-0.004619	-0.113063	-0.048594	0.015674	-0.075049	0.039965	0.204759	0.064713	0.066938	0.108131	-0.068983	-0.041191	-0.132192	-0.100355	0.000406	-0.092633	-0.004008	
0.089837	-0.002167	0.100063	-0.085722	0.156869	-0.035831	-0.045729	0.015214	-0.151179	0.217999	-0.031430	0.165455	-0.132631	-0.224870	-0.090317	0.096686	0.086491	0.064006	0.173753	0.158798	-0.103791	0.097865	-0.119082	0.178727	-0.185415	
0.053570	-0.135620	-0.061331	0.069799	-0.013811	0.075746	-0.074640	-0.025569	0.065679	-0.026238	0.059984	-0.024470	0.157487	-0.219489	-0.104453	0.096906	-0.035630	0.114131	-0.158493	0.162241	-0.048425	-0.207268	-0.132487	-0.023314	-0.063190	
-0.012102	0.154157	-0.214496	0.156166	-0.124454	0.118247	0.090033	0.000702	0.022699	-0.037202	-0.345293	-0.291320	0.133906	0.034305	0.034971	-0.121687	0.038944	-0.184622	-0.072472	-0.106274	0.123028	-0.025989	-0.006226	-0.147400	0.272968	
-0.093127	-0.068690	0.076213	-0.031125	0.051167	0.067319	0.021996	-0.142083	0.267576	-0.051496	-0.029702	0.185132	-0.013015	-0.005293	-0.054375	-0.005809	0.001330	0.040681	-0.122875	0.068386	-0.035086	-0.094591	-0.006831	-0.114358	-0.121432	
0.090200	0.010754	-0.002760	-0.025379	0.047767	0.000638	0.139297	0.067999	0.248625	0.061242	0.079882	-0.057407	-0.169543	0.091588	-0.040098	-0.027231	0.059810	0.060402	-0.133903	-0.014740	-0.064383	-0.124625	-0.053730	-0.122906	-0.177187	
0.036939	-0.085656	-0.244305	-0.059009	-0.189509	-0.192606	0.108661	0.165657	0.043670	-0.068882	0.069551	-0.035832	0.054121	-0.101715	-0.134799	-0.011321	-0.049306	-0.111455	0.103994	0.094342	0.085346	-0.105841	-0.179827	-0.023232	0.004805	
0.140062	0.013026	0.017893	-0.148045	0.131167	-0.028014	0.099618	-0.001822	-0.103647	0.083656	0.052803	-0.059249	0.185533	-0.065159	-0.011623	0.079367	0.023124	-0.061489	0.002094	-0.010689	0.144665	-0.085903	-0.152434	0.038196	0.059151	
0.065120	-0.039283	-0.023705	0.118726	-0.100942	0.048580	-0.060837	-0.004768	0.061363	0.033729	-0.034316	0.177628	-0.150460	0.143185	-0.083294	-0.005234	0.061019	-0.036793	0.069791	0.057213	0.099209	-0.000662	0.098174	-0.103786	0.022208	
-0.111661	0.071566	0.251324	0.145814	0.251261	-0.191009	-0.180109	-0.358411	-0.205643	0.236504	0.113616	0.037862	0.304589	-0.150979	-0.052394	0.228187	0.062368	0.230743	-0.136177	0.017616	0.133876	0.379322	-0.076736	-0.052577	0.211298	
0.220182	-0.175965	0.073595	0.037058	-0.048236	0.184013	0.165193	0.002598	-0.078010	0.030350	-0.034319	-0.009388	0.078465	0.113723	-0.034094	0.115751	0.068285	0.040716	0.029985	0.033859	0.025434	0.013595	-0.041160	-0.229491	0.001574	
-0.204909	0.356993	-0.169596	0.017231	0.184729	-0.247583	0.046459	0.284435	0.127989	-0.244024	-0.050930	-0.316948	0.127267	-0.165811	0.089540	-0.056560	-0.039086	0.223129	0.372292	-0.022277	0.258043	0.078488	0.040726	-0.074040	0.327544	
0.160362	0.160317	0.050728	-0.022567	0.008317	-0.127599	0.054569	0.000079	-0.016793	0.104544	-0.111573	0.098627	0.229037	-0.163915	0.155904	0.007251	0.072643	0.118574	0.088255	0.157466	0.091572	-0.055785	-0.076433	0.153979	0.118211	
0.015667	-0.146694	0.023865	0.136862	-0.132533	-0.027270	0.012555	-0.042122	0.048475	0.067904	0.062277	-0.058489	-0.026978	-0.148648	-0.024637	0.030109	-0.059904	0.002772	0.109126	-0.149569	-0.172545	0.047049	-0.306223	0.086115	0.113545	
-0.129667	0.078210	0.124276	-0.020562	-0.010412	-0.099683	0.016986	0.171867	0.045430	-0.050699	-0.177739	-0.000640	0.132591	0.077715	-0.051465	-0.030809	-0.069438	0.054734	0.029831	0.052702	0.028984	-0.063973	0.043024	0.002422	0.126485	
-0.257673	-0.017117	0.021116	0.180759	0.169784	-0.147356	-0.065990	-0.149913	0.204928	0.023564	0.022377	-0.277734	0.030648	-0.086154	0.182857	0.056596	-0.039285	-0.066083	0.023621	-0.185099	0.101941	0.176399	-0.034317	-0.114885	0.101481	
-0.050244	0.027720	0.046229	-0.049057	-0.142704	0.125780	0.138880	0.119253	0.169915	-0.050299	-0.083060	0.093200	-0.058029	-0.134852	0.039169	0.006844	0.146752	-0.098920	-0.035840	-0.080645	-0.049721	-0.046347	-0.062797	0.027261	0.084577	
-0.124177	-0.100221	-0.000362	0.083549	-0.213457	0.142067	-0.078618	-0.143492	0.046041	-0.159457	-0.038263	-0.063323	0.086346	0.014047	0.141986	0.126323	-0.084879	0.134460	-0.013277	-0.113064	-0.061501	-0.042354	0.108162	-0.045491	-0.012322	
0.091035	0.201058	0.030750	0.062018	-0.081307	-0.041899	-0.008529	-0.065321	-0.002796	0.095029	0.080440	-0.112015	0.192388	-0.161655	0.074705	-0.094847	0.034078	0.116221	0.097325	-0.038374	0.032889	0.019021	-0.016484	0.133627	0.093874	
0.022646	0.185248	0.211558	-0.109424	0.012969	-0.035853	-0.158377	0.204463	-0.007554	0.035912	0.126396	0.009300	-0.072419	0.020746	-0.013365	0.204054	-0.033398	0.116705	0.160636	0.004514	0.113714	0.092171	-0.100201	0.020014	0.116084	
-0.094725	0.048824	-0.128810	0.010288	-0.061355	0.059881	0.010167	-0.104948	0.203959	0.007882	-0.020432	0.087472	0.071206	-0.105712	-0.031260	0.042358	-0.045709	0.045772	-0.179654	-0.233905	-0.049993	-0.090755	-0.141573	0.107767	-0.084910	
-0.041876	-0.159199	0.086597	0.157684	0.043080	-0.044097	-0.056311	-0.265441	0.082689	0.081912	0.156625	-0.015898	0.256937	-0.063108	0.040077	-0.066571	-0.018169	0.262134	0.038371	-0.194023	0.052507	0.149525	-0.286561	0.101796	0.014488	
0.095197	0.271570	0.016952	-0.092549	0.044912	-0.023975	0.001040	0.057564	-0.037693	0.002503	-0.097418	-0.101834	0.188823	-0.158908	0.124902	-0.024022	0.106074	-0.043474	-0.080897	-0.087233	0.051469	-0.092433	0.000828	0.034186	0.049607	
0.101127	-0.086474	-0.041705	0.027422	-0.070916	-0.025833	0.070219	-0.181208	0.003828	-0.037511	-0.066249	-0.011782	0.053724	0.017715	-0.226301	0.038029	-0.085828	-0.175630	-0.054050	0.011504	-0.019415	-0.054313	0.131584	0.011515	0.016898	
0.066967	-0.027612	-0.110923	0.086701	-0.023303	0.019993	0.142317	0.007694	-0.046375	-0.019165	0.166973	0.193483	-0.166357	0.112012	-0.078755	0.023858	-0.022062	0.039403	-0.041878	0.052382	0.148250	0.050091	-0.062964	-0.021645	-0.021775	
0.109425	0.184226	0.229929	0.035815	-0.036465	-0.056675	-0.088185	0.090905	-0.231332	0.283496	0.116697	-0.119508	0.138750	-0.060902	0.131892	0.007953	0.113882	0.268876	0.052919	-0.087240	-0.012215	0.003084	0.034708	-0.191033	0.202874	
-0.229625	0.212262	-0.094109	-0.087673	0.104052	-0.088738	0.003935	-0.096335	-0.083824	0.054169	0.162087	0.023341	-0.014205	-0.149753	0.079631	-0.282202	0.134249	0.196887	0.304971	0.212455	0.284283	-0.257430	-0.276874	0.104836	0.069569	
-0.063918	-0.142095	-0.152342	-0.132956	-0.115320	0.148756	0.151728	0.021176	0.133808	-0.105247	-0.105346	0.022242	-0.009341	0.072774	-0.011643	-0.023736	0.154188	0.001244	-0.004517	-0.058662	-0.061108	-0.003166	-0.030717	0.089375	0.063211	
0.044255	-0.206397	0.181660	0.075381	-0.042115	0.086364	-0.012805	-0.205212	0.032427	-0.188739	0.159170	0.143690	0.143145	-0.083422	0.100726	-0.266466	-0.011475	0.172700	-0.055216	-0.147689	0.078005	0.235366	-0.211013	-0.193092	-0.029007	
-0.086646	0.109378	0.055296	0.024694	0.058306	0.008593	0.085939	0.064505	0.031907	-0.156068	0.118924	0.000915	-0.091411	-0.037928	-0.055120	-0.004431	0.216915	0.047007	-0.186021	-0.134759	-0.013172	-0.101596	-0.088603	-0.203888	-0.179479	
0.125681	0.011027	-0.121553	0.014243	0.091786	0.082827	0.001411	-0.182500	-0.103037	0.088642	0.064424	0.050899	-0.046507	0.136196	-0.077119	-0.028109	0.078673	-0.022475	-0.108113	-0.084656	-0.093689	0.129870	0.020333	-0.166669	-0.029656	
0.144971	-0.112616	0.224180	0.067410	0.020064	-0.079857	-0.022912	-0.066106	-0.096559	-0.166211	0.115965	0.131796	0.161484	0.004457	0.134534	-0.215499	0.025514	-0.036038	0.016589	-0.106000	0.109628	-0.103813	-0.230741	-0.053831	-0.000950	
0.058319	-0.247272	0.114129	0.199643	-0.125364	0.092180	-0.051660	-0.065706	-0.070364	-0.049199	0.158673	-0.023034	-0.028636	-0.100187	0.134800	-0.180687	-0.041810	0.137850	0.078426	-0.222901	-0.057086	-0.012384	-0.010383	-0.189197	0.001098	
-0.097421	0.025367	-0.027338	0.023711	0.201383	-0.121475	-0.053431	-0.140124	0.008890	0.017441	-0.025379	-0.245159	0.161866	0.090601	-0.230272	-0.059811	0.089139	0.040334	-0.075288	0.070557	-0.076809	0.020911	0.072844	-0.140388	0.143799	
0.119301	0.135755	-0.085750	-0.150229	-0.157856	0.026842	0.195799	0.104988	-0.149886	0.044135	0.075575	0.113428	-0.015717	-0.012976	0.078428	0.154175	0.175543	-0.112873	0.135760	-0.092388	0.204338	0.093379	0.050859	-0.024413	0.011143	
-0.106928	0.161954	-0.016546	0.182853	0.014173	0.027386	-0.132956	0.084800	-0.007331	0.007281	-0.021994	0.042752	0.051078	-0.048579	-0.107409	-0.045332	0.119523	-0.112819	0.190435	0.074707	0.149050	-0.022388	-0.043372	0.065009	0.019291	
-0.012143	-0.086958	0.106253	0.119382	0.099901	-0.093408	-0.038565	-0.041144	0.198380	-0.145939	-0.083970	-0.052011	-0.008610	0.024034	0.204949	-0.015584	-0.231617	-0.008417	-0.067496	-0.003141	0.087645	0.238357	0.079362	-0.014362	0.170561	
-0.110785	0.030217	-0.071509	0.