299291
49082	10984	0
49082	47288	0
49082	230	1
49082	21973	2
49082	217	2
49082	323	3
49082	409	3
49082	4247	3
49082	7664	3
49082	21319	3
49082	90	3
49082	230	4
49082	36844	5
49082	118	6
49082	3	7
49082	2	8
49082	208	9
49082	19324	10
49082	526	11
49082	15716	12
49082	1023	13
763	44708	14
763	14852	14
763	27055	14
763	19587	14
763	28415	15
763	49482	16
763	34143	17
763	763	18
763	2631	19
763	4036	8
763	9104	8
763	15032	8
763	1868	20
763	460	21
763	130	21
763	977	21
763	24622	22
763	32614	22
763	4916	9
763	208	9
763	29867	9
763	33067	2
763	33306	2
763	14397	2
763	8972	2
763	33922	2
763	23547	2
763	2022	23
763	535	23
763	15011	23
763	18015	24
763	6356	25
763	470	25
763	18	25
763	9234	25
763	373	25
763	18	26
763	6356	26
763	120	26
763	0	26
763	901	26
763	9098	27
314	1401	14
314	13026	14
314	6504	14
314	10610	14
314	1916	14
314	20860	14
314	5387	14
314	1390	14
314	546	14
314	15366	14
314	16757	14
314	10510	14
314	14161	14
314	2561	14
314	25014	14
314	20628	14
314	49482	16
314	34143	17
314	314	18
314	2631	19
314	4036	8
314	9104	8
314	15032	8
314	2218	20
314	4410	21
314	1560	21
314	33067	2
314	14397	2
314	8972	2
314	33922	2
314	23547	2
314	15011	23
314	34522	23
314	216	25
314	470	25
314	18	25
314	373	25
314	28058	28
314	247	26
314	1530	26
314	232	26
314	1123	26
7950	35393	29
7950	49731	30
7950	28437	30
7950	230	1
7950	4620	31
7950	15602	32
7950	6468	33
7950	13766	34
7950	223	3
7950	6005	3
7950	842	3
7950	2235	3
7950	16622	3
7950	1178	3
7950	4674	3
7950	1880	3
7950	230	4
7950	23359	4
7950	43	6
7950	3	7
7950	26206	35
7950	41546	36
7950	2	8
7950	26206	37
7950	1331	37
7950	33690	38
7950	13673	11
7950	15056	11
7950	6657	12
7950	5316	39
7950	1023	13
405	5748	40
405	16246	41
405	22831	14
405	11975	14
405	10938	14
405	49482	16
405	34143	17
405	2631	19
405	4036	8
405	9104	8
405	15032	8
405	3212	20
405	868	21
405	35108	22
405	405	18
405	1602	9
405	33067	2
405	33306	2
405	14397	2
405	8972	2
405	33922	2
405	23547	2
405	46520	23
405	18015	24
405	470	25
405	336	25
405	18	25
405	373	25
405	1575	25
405	1329	28
405	100	26
846	14603	42
846	14603	43
846	9607	23
846	46520	23
846	34522	23
846	3425	23
846	30799	23
846	25588	23
0	6991	14
0	19655	14
0	4920	14
0	28776	14
0	28674	14
0	23657	14
0	7771	14
0	11982	14
0	24458	14
0	13294	14
0	28054	14
0	901	44
0	49482	16
0	34143	17
0	901	18
0	2631	19
0	20321	8
0	9104	8
0	345	20
0	460	21
0	230	21
0	8709	22
0	5571	22
0	4916	9
0	33306	2
0	14397	2
0	42706	2
0	17462	2
0	12946	2
0	12683	2
0	44894	2
0	23547	2
0	33922	2
0	535	23
0	15011	23
0	470	25
0	373	25
0	18	25
0	18	26
0	763	26
3791	14770	45
3791	8377	46
3791	20983	46
3791	19694	46
3791	2401	46
3791	3361	46
3791	8156	46
3791	4397	46
3791	6978	46
3791	18518	46
3791	28645	46
3791	354	46
3791	6925	46
3791	3451	46
3791	1013	46
3791	7499	46
3791	13845	46
3791	25677	46
3791	3088	46
3791	2396	46
3791	40978	46
3791	6408	46
3791	1970	46
3791	37019	46
3791	25716	46
3791	3212	46
3791	23891	46
3791	20932	46
3791	7932	46
3791	1037	46
3791	118	18
3791	26878	19
3791	1955	8
3791	30389	8
3791	8670	47
3791	208	9
3791	12576	26
42358	15302	48
46248	12189	8
13631	26877	49
13631	4042	49
13631	27731	50
13631	3749	8
13631	20820	51
13631	13190	52
13631	40572	53
109	28533	27
109	30623	14
109	30682	14
109	40200	14
109	22825	14
109	28238	14
109	45699	14
109	10243	14
109	18360	14
109	19534	14
109	17082	14
109	5434	14
109	36927	14
109	32233	14
109	11425	14
109	38424	14
109	32844	14
109	27723	14
109	9911	14
109	20269	14
109	28065	14
109	34979	14
109	27974	14
109	19478	14
109	3791	14
109	42474	14
109	45876	14
109	11228	14
109	48143	14
109	15495	14
109	40527	14
109	36562	14
109	31729	14
109	23225	14
109	34284	14
109	118	44
109	118	18
109	26878	19
109	4152	20
109	230	21
109	208	9
109	776	26
109	115	26
109	3622	26
3736	891	54
3736	2554	23
3736	1614	46
3736	349	46
3736	1814	46
3736	10593	46
3736	1371	46
3736	4810	46
3736	4397	46
3736	18518	46
3736	42	46
3736	17844	46
3736	21354	46
3736	118	18
3736	26878	19
3736	22171	8
3736	39047	8
3736	1955	8
3736	21354	45
3736	36739	26
7273	23719	48
7273	23	8
7273	1630	55
7273	9	56
12105	12812	8
12105	1602	9
12105	31689	57
28	118	25
28	232	25
28	92	25
28	336	25
28	470	25
28	18	25
28	1575	25
28	1869	25
28	373	25
28	302	25
28	1422	25
28	5143	25
28	17857	14
28	10803	14
28	18944	14
28	9111	14
28	41101	14
28	23292	14
28	24453	14
28	1013	14
28	22822	14
28	48560	14
28	40226	14
28	46047	14
28	38139	14
28	39683	14
28	24870	14
28	46730	14
28	26554	14
28	22092	14
28	37577	14
28	47193	14
28	22376	14
28	13229	14
28	4472	14
28	43586	14
28	23606	14
28	43963	14
28	39220	14
28	18210	14
28	3688	43
28	36218	58
28	49607	59
28	49482	16
28	14090	19
28	4036	8
28	9104	8
28	15032	8
28	17857	20
28	30984	21
28	22169	22
28	3688	60
28	28	18
28	33067	2
28	6887	2
28	8972	2
28	33922	2
28	23547	2
28	1424	9
28	31146	9
28	3534	9
28	4179	9
28	208	9
28	1869	26
28	837	26
28	3572	26
28	12697	26
28	802	26
28	8	26
28	440	26
28	8138	26
28	3732	26
28	13076	26
28	452	26
28	232	26
28	6277	26
28	304	26
28	838	26
28	378	26
28	1123	26
336	499	25
336	1243	25
336	18	25
336	1152	25
336	1368	25
336	373	25
336	6020	25
336	129	25
336	420	25
336	1575	25
336	216	25
336	712	25
336	3688	25
336	4830	25
336	318	25
336	6277	25
336	834	25
336	94	25
336	1451	25
336	118	25
336	612	25
336	100	25
336	120	25
336	12684	25
336	3646	25
336	746	25
336	1636	25
336	4888	25
336	92	25
336	8	25
336	543	25
336	122	25
336	5578	25
336	378	25
336	13756	25
336	370	25
336	1485	25
336	11604	25
336	363	25
336	13799	25
336	15562	25
336	802	25
336	4432	25
336	646	25
336	405	25
336	43	25
336	66	25
336	232	25
336	9385	25
336	7257	25
336	1422	25
336	2195	25
336	5151	25
336	534	25
336	82	25
336	50	25
336	559	25
336	1146	25
336	8138	25
336	28	25
336	470	25
336	40233	45
336	49534	61
336	336	18
336	33067	2
336	26820	2
336	14397	2
336	8972	2
336	33922	2
336	23547	2
336	25517	19
336	4036	8
336	9104	8
336	15032	8
336	15957	20
336	7745	20
336	868	21
336	29867	9
336	4179	9
336	31146	9
336	3534	9
336	41512	9
336	1329	28
336	499	26
336	420	26
336	29975	26
336	3646	26
336	15562	26
336	4432	26
336	5733	26
336	559	26
336	1146	26
336	318	26
336	120	26
336	3777	14
336	14626	14
336	21698	14
336	9492	14
336	15091	14
336	4967	14
336	25507	14
336	8685	14
336	20448	14
336	17190	14
336	32850	14
336	10798	14
336	2859	14
336	14134	14
336	1468	14
336	3272	14
336	1481	14
336	9819	14
336	5822	14
336	636	14
336	3344	14
336	8971	14
336	3275	14
336	8061	14
336	16479	14
336	49482	16
336	9607	23
336	9607	23
336	36998	23
18125	22320	44
18125	43	18
18125	2631	19
18	118	25
18	336	25
18	92	25
18	120	25
18	43	25
18	470	25
18	45	25
18	689	25
18	6356	25
18	9234	25
18	763	25
18	0	25
18	646	25
18	66	25
18	94	25
18	1530	25
18	247	25
18	314	25
18	232	25
18	522	25
18	196	25
18	353	25
18	331	25
18	1422	25
18	746	25
18	1694	25
18	1821	25
18	405	25
18	100	25
18	299	25
18	3000	25
18	749	25
18	82	25
18	534	25
18	5986	25
18	149	25
18	13114	25
18	1010	25
18	705	25
18	5578	25
18	122	25
18	802	25
18	8	25
18	837	25
18	19965	25
18	304	25
18	28	25
18	1869	25
18	838	25
18	6277	25
18	378	25
18	452	25
18	543	25
18	778	25
18	8734	25
18	373	25
18	1995	25
18	5143	25
18	1165	25
18	1451	25
18	7257	25
18	1031	25
18	3513	25
18	5705	25
18	6917	25
18	9464	25
18	9385	25
18	2195	25
18	894	25
18	3148	25
18	5306	25
18	1208	25
18	606	25
18	4795	25
18	2862	25
18	833	25
18	11753	25
18	363	25
18	5619	25
18	9764	25
18	4178	25
18	7228	25
18	18583	25
18	1611	25
18	129	25
18	7886	25
18	3864	25
18	5138	25
18	12684	25
18	447	25
18	3358	25
18	18383	25
18	4513	25
18	6544	25
18	1152	25
18	9571	25
18	3401	25
18	16182	25
18	11604	25
18	1547	25
18	1243	25
18	216	25
18	370	25
18	2771	25
18	2053	25
18	4888	25
18	834	25
18	2540	25
18	4830	25
18	1957	25
18	770	25
18	318	25
18	1146	25
18	3646	25
18	5733	25
18	612	25
18	4432	25
18	420	25
18	15562	25
18	559	25
18	499	25
18	712	25
18	1296	25
18	3332	25
18	6509	25
18	6837	25
18	327	25
18	10181	25
18	5341	25
18	4423	25
18	590	25
18	21575	25
18	8138	25
18	1575	25
18	23831	62
18	18	18
18	20701	63
18	4235	63
18	33306	2
18	33067	2
18	12683	2
18	44894	2
18	26820	2
18	42706	2
18	14397	2
18	8972	2
18	33922	2
18	23547	2
18	22541	45
18	1188	45
18	34143	17
18	2631	19
18	4036	8
18	9104	8
18	15032	8
18	20321	8
18	194	20
18	391	20
18	977	21
18	2631	60
18	1602	9
18	94	26
18	646	26
18	45	26
18	120	26
18	6356	26
18	763	26
18	0	26
18	689	26
18	66	26
18	325	26
18	1296	26
18	901	26
18	40914	27
18	14073	40
18	46038	41
18	32129	41
18	1887	14
18	1188	14
18	391	14
18	16539	14
18	1635	14
18	4892	14
18	3937	14
18	10830	14
18	497	14
18	2921	14
18	9548	14
18	1423	14
18	9292	14
18	22083	14
18	2337	14
18	4665	14
18	49482	16
18	2921	64
18	6974	64
18	24428	64
18	32830	64
18	2022	23
18	535	23
18	15011	23
8065	208	9
10363	2409	1
10363	230	1
10363	9049	65
10363	18076	31
10363	409	3
10363	323	3
10363	18792	3
10363	24101	3
10363	87	3
10363	1318	3
10363	12037	3
10363	230	4
10363	56	5
10363	118	6
10363	3	7
10363	14733	66
10363	2	8
10363	2968	9
10363	6223	9
10363	1850	10
10363	49040	67
10363	1020	68
10363	955	69
10363	526	11
10363	5002	70
10363	1822	70
10363	15052	12
10363	15716	12
10363	6586	39
10363	35163	39
10363	4754	39
10363	1576	39
3907	2148	54
3907	13231	54
3907	5778	54
3907	43501	46
3907	44319	46
3907	1868	46
3907	51	46
3907	358	46
3907	1139	46
3907	14245	46
3907	5942	46
3907	3076	46
3907	704	46
3907	7115	46
3907	1558	46
3907	7999	46
3907	13606	46
3907	40143	46
3907	22142	46
3907	297	46
3907	4737	46
3907	7932	46
3907	7323	46
3907	8318	46
3907	3922	46
3907	11394	46
3907	1510	46
3907	592	46
3907	5642	46
3907	536	46
3907	4893	46
3907	6608	46
3907	37957	46
3907	113	46
3907	10760	46
3907	3446	46
3907	367	46
3907	7646	46
3907	3123	46
3907	349	46
3907	4397	46
3907	11500	46
3907	13197	46
3907	6392	46
3907	8144	46
3907	1974	46
3907	35307	46
3907	1424	9
3907	31146	9
3907	4179	9
3907	9062	44
3907	2148	18
3907	9062	18
3907	9062	18
3907	2148	18
3907	1123	18
3907	646	18
3907	2148	18
3907	214	18
3907	5778	18
3907	13231	18
3907	1123	18
3907	1955	8
3907	26842	8
3907	15011	23
6837	32568	45
6837	40002	14
6837	43820	14
6837	37157	14
6837	48098	14
6837	44305	14
6837	25345	14
6837	33472	14
6837	14245	14
6837	13938	14
6837	49482	16
6837	2631	19
6837	4036	8
6837	9104	8
6837	15032	8
6837	14245	20
6837	3373	21
6837	6031	21
6837	6837	18
6837	33067	2
6837	8972	2
6837	33922	2
6837	15011	23
6837	34522	23
6837	470	25
6837	18	25
6837	49025	28
6837	82	26
6837	1694	26
1694	18007	14
1694	43165	14
1694	29188	14
1694	34137	14
1694	31635	14
1694	19078	14
1694	34670	14
1694	21239	14
1694	24102	14
1694	12459	14
1694	25256	14
1694	19286	14
1694	35039	14
1694	42993	14
1694	18109	14
1694	2977	14
1694	5843	14
1694	32389	14
1694	49482	16
1694	216	25
1694	470	25
1694	18	25
1694	373	25
1694	452	25
1694	28	25
1694	1694	18
1694	2631	19
1694	4036	8
1694	9104	8
1694	15032	8
1694	2396	20
1694	6031	21
1694	33067	2
1694	33306	2
1694	8972	2
1694	33922	2
1694	15011	23
1694	34522	23
1694	31865	71
1694	82	26
1694	353	26
1694	1422	26
1694	1821	26
1694	6837	26
1694	325	26
1694	7969	26
1694	1123	26
1694	646	26
1122	5208	40
1122	5893	40
1122	535	23
1122	470	54
1122	2678	54
1122	33287	54
1122	5779	54
1122	26106	54
1122	1037	46
1122	7932	46
1122	16606	46
1122	5458	46
1122	28641	46
1122	362	46
1122	8953	46
1122	14244	46
1122	33287	44
1122	26106	44
1122	470	18
1122	26106	18
1122	2678	18
1122	2631	19
1122	26842	8
1122	308	8
1122	8715	72
1122	34371	9
1122	31146	9
1122	3534	9
1122	4179	9
1122	9201	9
1122	42584	26
1122	37296	26
1122	10662	26
1122	16125	26
3332	15353	14
3332	10672	14
3332	49482	16
3332	34143	17
3332	49534	61
3332	2631	19
3332	9104	8
3332	4036	8
3332	15032	8
3332	5837	20
3332	1456	21
3332	43456	22
3332	3332	18
3332	4179	9
3332	33067	2
3332	535	23
3332	2022	23
3332	15011	23
3332	470	25
3332	120	25
3332	18	25
3332	120	26
3332	100	26
3332	27777	26
3332	35624	26
4423	34143	17
4423	4423	18
4423	2631	19
4423	4036	8
4423	17130	8
4423	15032	8
4423	9104	8
4423	43036	21
4423	230	21
4423	33067	2
4423	28097	2
4423	8972	2
4423	33922	2
4423	2022	23
4423	535	23
4423	15011	23
4423	470	25
4423	373	25
4423	18	25
4423	16570	28
6020	36218	58
6020	45823	43
6020	26878	19
6020	4036	8
6020	17130	8
6020	9104	8
6020	15032	8
6020	230	21
6020	23367	22
6020	6020	18
6020	29867	9
6020	33067	2
6020	28097	2
6020	8972	2
6020	33922	2
6020	22353	2
6020	9607	23
6020	336	25
6020	373	25
6020	1329	28
13924	17618	54
13924	37634	46
13924	15390	46
13924	14678	46
13924	8616	46
13924	16703	46
13924	14879	46
13924	1100	46
13924	44022	46
13924	17618	44
13924	120	18
13924	132	8
13924	43633	26
22580	41078	8
712	49482	16
712	712	18
712	25517	19
712	9104	8
712	4036	8
712	15032	8
712	5996	20
712	116	21
712	47726	22
712	47726	63
712	33067	2
712	8972	2
712	33922	2
712	36998	23
712	9607	23
712	26180	23
712	36998	23
712	36998	23
712	470	25
712	336	25
712	18	25
712	373	25
712	8670	28
712	499	26
712	420	26
712	4432	26
48702	14250	14
48702	120	18
48702	2631	19
48702	535	23
48702	208	9
12123	8449	48
263	18	73
263	470	73
263	378	73
263	120	73
263	118	73
263	43	73
7596	4370	67
7596	41	67
7596	2	8
7596	13210	1
7596	602	12
7596	8085	2
7596	208	9
7596	174	3
7596	6005	3
7596	4715	3
7596	1136	3
7596	223	3
7596	62	3
7596	13210	4
7596	214	6
7596	21689	6
7596	1123	6
7596	3	7
7596	592	35
10714	49482	16
10714	14090	19
10714	9104	8
10714	4036	8
10714	17130	8
10714	15032	8
10714	3685	21
10714	10714	18
10714	33067	2
10714	17331	2
10714	43922	2
10714	8972	2
10714	33922	2
10714	34522	23
10714	302	25
10714	1010	26
1422	45748	14
1422	32798	14
1422	22809	44
1422	30414	44
1422	2025	44
1422	49482	16
1422	1422	18
1422	2631	19
1422	4036	8
1422	15032	8
1422	9104	8
1422	827	20
1422	49534	61
1422	33067	2
1422	8972	2
1422	33922	2
1422	2022	23
1422	535	23
1422	15011	23
1422	18	25
1422	43	25
1422	353	25
1422	232	25
1422	470	25
1422	118	25
1422	689	25
1422	120	25
1422	336	25
1422	373	25
1422	931	21
1422	353	26
1422	1694	26
1422	1821	26
1422	1418	26
1422	10601	26
1422	327	26
1422	331	26
1422	3000	26
1422	8326	26
499	140	14
499	49436	14
499	8503	14
499	16303	14
499	15944	14
499	1014	14
499	691	14
499	6217	14
499	11835	14
499	8642	14
499	46079	14
499	5499	14
499	19958	14
499	2848	14
499	49482	16
499	336	25
499	118	25
499	232	25
499	470	25
499	373	25
499	18	25
499	499	18
499	25517	19
499	4036	8
499	9104	8
499	15032	8
499	140	20
499	116	21
499	4916	9
499	208	9
499	29867	9
499	33067	2
499	8972	2
499	33922	2
499	23547	2
499	420	26
499	336	26
499	712	26
499	15562	26
499	559	26
4432	37579	14
4432	26743	14
4432	46905	14
4432	45476	14
4432	47492	14
4432	8866	14
4432	37574	14
4432	30720	14
4432	25985	14
4432	15070	14
4432	36218	58
4432	49482	16
4432	4432	18
4432	25517	19
4432	4036	8
4432	9104	8
4432	15032	8
4432	2375	20
4432	4916	9
4432	33067	2
4432	8972	2
4432	33922	2
4432	36998	23
4432	470	25
4432	336	25
4432	18	25
4432	373	25
4432	612	26
4432	318	26
4432	420	26
4432	336	26
4432	712	26
6162	39295	14
6162	45029	14
6162	23913	14
6162	44969	14
6162	2074	14
6162	36218	58
6162	49482	16
6162	6162	18
6162	14090	19
6162	4036	8
6162	9104	8
6162	15032	8
6162	2074	20
6162	12125	21
6162	33067	2
6162	8972	2
6162	33922	2
6162	30799	23
6162	373	25
6162	13076	26
6162	778	26
6162	452	26
33994	44546	60
33994	208	9
37493	1304	74
26644	7193	14
26644	13191	14
26644	18843	14
26644	22026	14
26644	21503	14
26644	14747	14
26644	27913	14
26644	7232	14
26644	1013	46
26644	120	44
26644	15376	45
26644	120	18
26644	5257	20
26644	26686	75
26644	535	23
26644	42397	26
26644	40257	26
26644	37010	26
26644	6541	26
26644	16451	26
26644	26143	26
26644	8172	26
5058	5183	40
5058	34374	54
5058	470	54
5058	7432	54
5058	41520	54
5058	28225	46
5058	22074	46
5058	27405	46
5058	41320	46
5058	25773	46
5058	971	46
5058	5806	46
5058	18518	46
5058	2397	46
5058	7077	46
5058	3164	46
5058	41753	46
5058	47180	46
5058	17212	46
5058	2745	46
5058	1653	46
5058	3490	46
5058	367	46
5058	1396	46
5058	20559	46
5058	6392	46
5058	4916	9
5058	7432	44
5058	34374	44
5058	470	18
5058	936	18
5058	41520	18
5058	34474	18
5058	22171	8
5058	1955	8
5058	308	8
5058	535	23
5058	46511	26
5058	23158	26
5058	17610	26
6075	1023	13
6075	26134	32
6075	1037	31
6075	2	8
6075	32376	33
6075	130	1
6075	3481	11
6075	204	11
6075	1424	9
6075	3534	9
6075	4179	9
6075	11012	9
6075	1398	9
6075	27880	36
6075	48463	76
6075	6694	76
6075	25451	39
6075	174	3
6075	8906	3
6075	4455	3
6075	1136	3
6075	223	3
6075	8622	3
6075	130	4
6075	120	6
6075	3	7
6075	1037	35
46489	30874	44
46489	470	18
46489	2631	19
46489	49987	8
43499	14603	42
43499	1602	9
43499	25588	23
43499	26180	23
28058	2631	43
28058	5824	8
28058	10679	77
28058	247	78
28058	314	78
28058	232	78
28058	145	78
28058	1448	78
28058	2148	78
28058	646	78
28058	18	78
28058	94	78
28058	1424	9
28058	3534	9
28058	4179	9
12935	9377	8
12935	208	9
97	1133	79
97	26371	79
97	9052	48
97	967	48
97	1880	80
4522	9097	44
4522	28776	44
4522	26148	44
4522	31167	44
4522	4632	44
4522	3769	44
4522	40132	44
4522	7790	44
4522	12757	44
4522	10830	44
4522	4665	44
4522	1887	44
4522	497	44
4522	45950	81
4522	46381	81
4522	47243	81
4522	42694	81
4522	45	18
4522	689	18
4522	9234	18
4522	18	18
4522	120	18
4522	0	18
4522	2631	19
4522	264	8
536	1530	54
536	15406	54
536	10018	82
536	10018	41
536	3763	46
536	1013	46
536	1737	46
536	2218	46
536	9292	46
536	10760	46
536	1035	46
536	3907	46
536	1653	46
536	1974	46
536	367	46
536	827	46
536	3123	46
536	1331	46
536	11394	46
536	1072	46
536	1822	46
536	40518	46
536	47338	46
536	10018	83
536	1530	44
536	1530	18
536	26842	8
536	22171	8
536	17954	8
536	1955	8
536	535	23
536	2022	23
536	5633	26
536	36962	26
536	38462	26
536	31683	26
536	26019	26
536	15406	26
536	38329	26
536	7309	26
536	35416	26
194	32129	54
194	18	54
194	10592	14
194	34491	14
194	19288	46
194	15599	46
194	14967	46
194	1035	46
194	1444	46
194	33414	46
194	1510	46
194	5877	46
194	18	18
194	2531	18
194	7291	18
194	1722	18
194	12626	18
194	120	18
194	20825	19
194	1955	8
194	6038	8
194	22171	8
194	28600	8
194	4522	47
194	535	23
194	38534	26
45048	4916	9
45048	32879	8
3212	405	54
3212	42632	46
3212	38632	46
3212	18210	46
3212	6708	46
3212	7745	46
3212	358	46
3212	140	46
3212	16205	46
3212	33	46
3212	28651	46
3212	45060	46
3212	5597	46
3212	5642	46
3212	4070	46
3212	3791	46
3212	7167	46
3212	15957	46
3212	15331	46
3212	6949	46
3212	2669	46
3212	1395	46
3212	42	46
3212	5393	46
3212	49192	46
3212	7190	46
3212	4207	46
3212	17844	46
3212	8173	46
3212	5894	46
3212	405	18
3212	1955	8
3212	26842	8
3212	22171	8
3212	9170	8
3212	46520	23
24919	10538	11
24919	1023	13
24919	5332	31
24919	2	8
24919	16277	33
24919	3126	1
24919	934	12
24919	6911	9
24919	4916	9
24919	1398	9
24919	3534	9
24919	4179	9
24919	4137	84
24919	11973	39
24919	15922	39
24919	14423	39
24919	418	3
24919	1425	3
24919	2302	3
24919	5612	3
24919	4169	3
24919	582	3
24919	1187	3
24919	1136	3
24919	3	7
30243	3666	85
30243	10671	85
30243	8361	85
30243	14289	85
30243	1106	85
30243	3239	85
30243	9214	37
30243	8144	37
30243	6525	37
30243	3729	70
30243	3134	29
30243	12183	29
30243	4615	29
30243	10633	29
30243	7557	29
30243	4132	29
30243	10700	29
30243	8144	31
30243	2	8
30243	20157	76
30243	3899	76
30243	25912	76
30243	46606	76
30243	13509	76
30243	13744	76
30243	31668	38
30243	1613	11
30243	43399	86
30243	7203	86
30243	6068	86
30243	12278	86
30243	1549	86
30243	1412	86
30243	1270	3
30243	4501	3
30243	54	3
30243	1388	3
30243	578	3
30243	24101	3
30243	5601	3
30243	173	3
30243	1746	3
30243	1981	3
30243	7543	67
30243	15367	67
30243	41847	67
30243	20969	67
30243	5177	87
30243	216	6
30243	3	7
30243	13169	30
30243	28642	30
30243	17290	30
30243	34081	30
37518	18342	31
37518	2	8
37518	1861	1
37518	208	9
37518	23384	88
37518	323	3
37518	14	7
37518	18342	35
37518	3634	13
396	20396	54
396	28098	54
396	33276	54
396	4149	46
396	30417	46
396	14820	46
396	23896	46
396	5340	46
396	13458	46
396	9019	46
396	6978	46
396	14947	46
396	4487	46
396	28098	44
396	20396	44
396	33276	44
396	13043	89
396	120	18
396	132	8
396	1955	8
396	33276	60
396	535	23
7077	4804	54
7077	22074	46
7077	3164	46
7077	5058	46
7077	1653	46
7077	1396	46
7077	17804	46
7077	7999	46
7077	25986	46
7077	11219	46
7077	46636	46
7077	6582	46
7077	36788	46
7077	1013	46
7077	6621	46
7077	4406	46
7077	2727	46
7077	47724	44
7077	4804	44
7077	120	18
7077	132	8
7077	1955	8
7077	535	23
7077	1602	9
7077	7518	67
7077	4524	67
7077	11193	67
7077	20576	26
367	3868	14
367	6785	54
367	214	54
367	23501	54
367	214	54
367	34522	23
367	10895	46
367	13606	46
367	18342	46
367	14947	46
367	3763	46
367	2480	46
367	22055	46
367	1814	46
367	1974	46
367	49192	46
367	4931	46
367	1635	46
367	6346	46
367	2641	46
367	5142	46
367	40866	46
367	5248	46
367	7167	46
367	143	46
367	10837	46
367	20932	46
367	4737	46
367	35861	46
367	22678	46
367	2534	46
367	5257	46
367	3729	46
367	3922	46
367	3070	46
367	22006	46
367	4810	46
367	25158	46
367	1510	46
367	5597	46
367	350	46
367	8644	46
367	10238	46
367	12227	46
367	6925	46
367	18212	46
367	37957	46
367	35633	46
367	113	46
367	11415	46
367	7745	46
367	3446	46
367	1653	46
367	17378	46
367	5894	46
367	27222	46
367	297	46
367	3123	46
367	11500	46
367	26674	46
367	13197	46
367	38833	46
367	18518	46
367	9742	46
367	6582	46
367	2218	46
367	28645	46
367	6424	46
367	1013	46
367	1558	46
367	2669	46
367	7932	46
367	14126	46
367	10240	46
367	11320	46
367	9004	46
367	43501	46
367	16606	46
367	17857	46
367	18661	46
367	140	46
367	45269	46
367	11384	46
367	11858	46
367	11525	46
367	1479	46
367	1366	46
367	10760	46
367	5058	46
367	3907	46
367	2331	46
367	536	46
367	5244	46
367	7190	46
367	8156	46
367	12870	46
367	29140	46
367	29143	46
367	35398	46
367	45820	90
367	232	44
367	1123	44
367	6785	44
367	214	44
367	5208	45
367	15237	45
367	232	18
367	1123	18
367	6785	18
367	214	18
367	23501	18
367	2631	19
367	10679	47
367	4916	9
367	208	9
367	1602	9
10382	4916	9
10382	208	9
10382	10382	18
10382	43499	19
10382	4036	8
10382	17130	8
10382	9104	8
10382	15032	8
10382	230	21
10382	33067	2
10382	28097	2
10382	8972	2
10382	33922	2
10382	22353	2
10382	373	25
10382	8670	28
6825	6825	18
6825	43499	19
6825	20321	8
6825	17130	8
6825	4036	8
6825	9104	8
6825	15032	8
6825	230	21
6825	23367	22
6825	33067	2
6825	28097	2
6825	8972	2
6825	33922	2
6825	22353	2
6825	373	25
6825	8670	28
44921	49482	16
44921	373	25
44921	44921	18
44921	43499	19
44921	9104	8
44921	4036	8
44921	17130	8
44921	15032	8
44921	130	21
44921	230	21
44921	33067	2
44921	28097	2
44921	8972	2
44921	33922	2
44921	22353	2
44921	8670	28
5539	9377	8
5539	208	9
28776	8374	14
28776	14751	14
28776	4349	14
28776	24595	14
28776	24605	14
28776	8722	14
28776	25552	14
28776	5859	14
28776	4218	14
28776	42719	14
28776	13420	14
28776	1474	14
28776	11486	14
28776	2691	14
28776	27856	14
28776	4740	14
28776	40219	14
28776	3380	14
28776	7481	14
28776	8875	14
28776	10989	14
28776	294	14
28776	9981	14
28776	28185	14
28776	5207	14
28776	24021	14
28776	1632	14
28776	11241	14
28776	18557	14
28776	14526	14
28776	14328	14
28776	23725	14
28776	2873	14
28776	5681	14
28776	26584	14
28776	3690	14
28776	24761	14
28776	18857	14
28776	1435	14
28776	25152	14
28776	27300	14
28776	40010	14
28776	521	14
28776	20428	14
28776	23955	14
28776	35686	14
28776	14330	14
28776	3862	14
28776	40049	14
28776	44372	14
28776	16393	14
28776	14453	14
28776	15303	14
28776	36614	14
28776	9132	14
28776	17156	14
28776	29129	14
28776	7448	14
28776	5872	14
28776	2730	14
28776	0	44
28776	0	18
28776	2631	19
28776	8374	20
28776	535	23
28776	28674	26
28776	28054	26
28776	7771	26
28776	24458	26
28776	4920	26
28674	5308	14
28674	5639	14
28674	17475	14
28674	2081	14
28674	8538	14
28674	20305	14
28674	15966	14
28674	26715	14
28674	2600	14
28674	7182	14
28674	13621	14
28674	6386	14
28674	14929	14
28674	27388	14
28674	10261	14
28674	11919	14
28674	7986	14
28674	29327	14
28674	10274	14
28674	25196	14
28674	4854	14
28674	9489	14
28674	49792	14
28674	9474	14
28674	13789	14
28674	6002	14
28674	20230	14
28674	26888	14
28674	35244	14
28674	4484	14
28674	24256	14
28674	6976	14
28674	4440	14
28674	2373	14
28674	42874	14
28674	9149	14
28674	7294	14
28674	14144	14
28674	32825	14
28674	46339	14
28674	10362	14
28674	25689	14
28674	10887	14
28674	34109	14
28674	10531	14
28674	29492	14
28674	27546	14
28674	5243	14
28674	3516	14
28674	22754	14
28674	0	44
28674	0	18
28674	2631	19
28674	7986	20
28674	535	23
28674	28776	26
28674	28054	26
28674	19655	26
43111	9377	8
43111	208	9
3016	11995	57
3016	12812	8
46368	8449	48
46368	17847	60
46368	208	9
33793	4522	45
33793	9377	8
33793	208	9
24357	9377	8
24357	39419	8
24357	208	9
2690	6991	54
2690	696	54
2690	3333	27
2690	22845	46
2690	35307	46
2690	17479	46
2690	6346	46
2690	11500	46
2690	5436	46
2690	28777	46
2690	10803	46
2690	696	44
2690	6991	44
2690	0	18
2690	120	18
2690	1955	8
2690	26842	8
2690	32940	8
2690	5185	8
2690	34110	26
6725	208	9
6725	9377	8
12585	36218	58
12585	12585	18
12585	25517	19
12585	20321	8
12585	17130	8
12585	9104	8
12585	15032	8
12585	116	21
12585	23367	22
12585	33067	2
12585	28097	2
12585	33922	2
12585	22353	2
12585	9607	23
12585	18015	24
12585	43442	28
12585	1146	26
13388	7186	46
13388	36218	58
13388	45823	44
13388	13388	18
13388	26878	19
13388	20321	8
13388	17130	8
13388	9104	8
13388	15032	8
13388	230	21
13388	23367	22
13388	33067	2
13388	28097	2
13388	8972	2
13388	33922	2
13388	22353	2
13388	9607	23
13388	18015	24
13388	43442	28
13388	1146	26
19655	7161	14
19655	12203	14
19655	16394	14
19655	34243	14
19655	12220	14
19655	41120	14
19655	26933	14
19655	36756	14
19655	15525	14
19655	30044	14
19655	36700	14
19655	33867	14
19655	1968	14
19655	48292	14
19655	33733	14
19655	2704	14
19655	10058	14
19655	24222	14
19655	10411	14
19655	4678	14
19655	7779	14
19655	2629	14
19655	1928	14
19655	23703	14
19655	14499	14
19655	0	44
19655	0	18
19655	2631	19
19655	5452	20
19655	460	21
19655	535	23
19655	28674	26
19655	6991	26
19655	13294	26
19655	23657	26
891	37598	14
891	43269	14
891	46338	14
891	30185	14
891	34214	14
891	118	44
891	118	18
891	3736	20
891	2554	23
891	208	9
891	2214	26
891	7096	26
891	1335	26
891	30390	26
891	5907	26
13294	3266	14
13294	10521	14
13294	7116	14
13294	11327	14
13294	7218	14
13294	8155	14
13294	4490	14
13294	8676	14
13294	20332	14
13294	25813	14
13294	111	14
13294	21231	14
13294	0	44
13294	0	18
13294	2631	19
13294	3266	20
13294	535	23
13294	23657	26
13294	3937	26
13294	6991	26
13294	19655	26
28054	4413	45
28054	2705	14
28054	31949	14
28054	29175	14
28054	10528	14
28054	15298	14
28054	19715	14
28054	984	14
28054	8074	14
28054	32338	14
28054	40892	14
28054	4571	14
28054	14574	14
28054	12963	14
28054	13882	14
28054	9568	14
28054	8761	14
28054	4413	14
28054	4824	14
28054	16073	14
28054	12438	14
28054	40284	14
28054	14718	14
28054	9161	14
28054	6927	14
28054	0	44
28054	0	18
28054	2631	19
28054	4413	20
28054	535	23
28054	4920	26
28054	28776	26
28054	28674	26
92	118	25
92	232	25
92	216	25
92	28	25
92	1451	25
92	122	25
92	13114	25
92	8	25
92	378	25
92	120	25
92	6509	25
92	66	25
92	1485	25
92	43	25
92	746	25
92	18	25
92	470	25
92	336	25
92	373	25
92	534	25
92	2556	25
92	838	25
92	302	25
92	49482	16
92	18272	47
92	92	18
92	44841	63
92	33067	2
92	8972	2
92	33922	2
92	14090	19
92	9104	8
92	4036	8
92	15032	8
92	7383	20
92	5080	21
92	3685	21
92	47845	22
92	8385	9
92	2556	26
92	13114	26
92	1451	26
92	1485	26
92	17331	26
92	5341	26
92	15011	23
92	34522	23
16071	8172	54
16071	45821	46
16071	592	46
16071	22055	46
16071	19592	46
16071	11850	44
16071	8172	44
16071	45	18
16071	864	8
16071	1955	8
16071	26842	8
16071	130	21
16071	535	23
16071	22946	26
115	46466	14
115	429	14
115	31464	14
115	8677	14
115	35526	14
115	43613	14
115	44649	14
115	19795	14
115	118	44
115	118	18
115	1697	20
115	230	21
115	22927	23
115	4916	9
115	208	9
115	109	26
115	3622	26
115	15299	26
115	2894	26
115	33062	26
115	5363	26
13076	36218	58
13076	49482	16
13076	13076	18
13076	14090	19
13076	9104	8
13076	4036	8
13076	15032	8
13076	15988	20
13076	33067	2
13076	8972	2
13076	33922	2
13076	30799	23
13076	373	25
13076	3732	26
13076	6162	26
13076	28	26
13076	778	26
13076	452	26
13221	36218	58
13221	13221	18
13221	14090	19
13221	4036	8
13221	17130	8
13221	9104	8
13221	15032	8
13221	48994	20
13221	33067	2
13221	28097	2
13221	43922	2
13221	8972	2
13221	33922	2
13221	21158	28
2161	14489	48
2161	29	91
2161	14489	8
12355	7141	76
12355	3046	36
12355	2	8
12355	7141	92
12355	1861	1
12355	13553	93
12355	6911	9
12355	3534	9
12355	4179	9
12355	17329	9
12355	1602	9
12355	1187	3
12355	32961	3
12355	6412	6
12355	3	7
12355	42	35
12355	7904	94
41889	39480	45
41889	9377	8
41889	208	9
12697	43098	95
12697	155	95
12697	49482	16
12697	12697	18
12697	14090	19
12697	4036	8
12697	9104	8
12697	15032	8
12697	40866	20
12697	43098	21
12697	155	21
12697	33067	2
12697	43922	2
12697	8972	2
12697	33922	2
12697	19965	26
12697	3572	26
12697	28	26
12697	304	26
4260	13102	96
4260	21667	97
4260	46248	98
4260	118	18
4260	5679	8
4260	44175	49
4260	6223	9
4260	21667	99
4260	29225	67
778	7594	14
778	42740	14
778	48865	14
778	1667	14
778	46242	14
778	17843	14
778	25444	14
778	22055	14
778	44326	14
778	29523	14
778	49218	14
778	5258	14
778	36218	58
778	14090	19
778	18015	8
778	4036	8
778	9104	8
778	15032	8
778	22055	20
778	14973	21
778	48325	22
778	778	18
778	33067	2
778	8972	2
778	33922	2
778	30799	23
778	470	25
778	18	25
778	373	25
778	13076	26
778	6162	26
778	1165	26
778	3732	26
14212	15835	57
22205	6939	45
22205	9377	8
22205	208	9
705	18770	14
705	38851	14
705	21344	14
705	49482	16
705	705	18
705	14090	19
705	4036	8
705	9104	8
705	15032	8
705	15214	20
705	3685	21
705	33067	2
705	17331	2
705	43922	2
705	8972	2
705	33922	2
705	23547	2
705	48342	23
705	216	25
705	18	25
705	373	25
705	302	25
705	2117	26
705	1010	26
33876	9377	8
33876	208	9
33876	1602	9
30300	36098	54
30300	15637	46
30300	11384	46
30300	1510	46
30300	23022	46
30300	14879	46
30300	6254	46
30300	13948	46
30300	36098	44
30300	232	18
30300	1123	18
30300	6785	18
30300	214	18
30300	1955	8
30300	303	8
30300	30799	23
9985	15019	46
9985	232	18
9985	1123	18
9985	1955	8
25265	13443	54
25265	3186	46
25265	4106	46
25265	2528	46
25265	26674	46
25265	6582	46
25265	1524	46
25265	1510	46
25265	13443	44
25265	232	18
25265	20825	19
25265	1955	8
25265	22171	8
25265	303	8
25265	14870	8
25265	34522	23
25265	13443	26
25265	12572	26
4338	45767	54
4338	26764	46
4338	7893	46
4338	27027	46
4338	4893	46
4338	266	46
4338	45767	44
4338	232	18
4338	2631	19
4338	1955	8
4338	303	8
4338	48342	23
48059	9377	8
48059	208	9
13948	32585	54
13948	32257	46
13948	7323	46
13948	5241	46
13948	13606	46
13948	14026	46
13948	35745	46
13948	40109	46
13948	9289	46
13948	9801	46
13948	23323	46
13948	11196	46
13948	19694	46
13948	21627	46
13948	35307	46
13948	19124	46
13948	1510	46
13948	30300	46
13948	36069	46
13948	34332	46
13948	14512	46
13948	45083	46
13948	32585	44
13948	232	18
13948	1955	8
13948	303	8
13948	1490	67
4169	7708	100
4169	12327	83
4169	3160	8
17456	580	0
17456	977	1
17456	113	31
17456	9991	33
17456	31573	101
17456	2235	3
17456	21979	3
17456	11233	3
17456	223	3
17456	579	3
17456	842	3
17456	14824	3
17456	977	4
17456	25888	6
17456	325	6
17456	3	7
17456	2	8
17456	6911	9
17456	1398	9
17456	588	11
17456	4344	39
17456	9991	87
17456	1023	13
8763	42711	76
8763	48463	76
8763	16237	76
8763	12355	76
8763	34665	76
8763	14361	76
8763	2653	67
8763	8578	67
8763	4215	67
8763	23413	67
8763	25134	67
8763	12772	67
8763	8573	67
8763	41312	67
8763	1369	11
8763	2	8
8763	28453	33
8763	116	1
8763	130	1
8763	762	29
8763	1398	9
8763	3464	34
8763	1136	3
8763	174	3
8763	4694	3
8763	307	3
8763	8622	3
8763	842	3
8763	4455	3
8763	21979	3
8763	1178	3
8763	116	4
8763	230	4
8763	18570	87
8763	499	6
8763	3	7
8763	2282	35
8763	217	2
8763	23062	2
8763	3821	2
8763	1023	13
6917	46531	14
6917	26486	14
6917	6917	18
6917	22255	19
6917	4036	8
6917	9104	8
6917	15032	8
6917	26486	20
6917	130	21
6917	33067	2
6917	50	2
6917	43922	2
6917	8972	2
6917	33922	2
6917	23547	2
6917	22353	2
6917	46520	23
6917	18	25
6917	1031	26
6917	11753	26
6917	1611	26
6917	5619	26
6917	9764	26
6917	7228	26
6917	11294	26
6917	17331	26
1152	658	14
1152	18020	14
1152	17405	14
1152	9166	14
1152	4110	14
1152	11732	14
1152	31678	14
1152	3327	14
1152	16583	14
1152	4672	14
1152	7946	14
1152	36359	14
1152	9258	14
1152	10790	14
1152	1152	18
1152	22255	19
1152	9104	8
1152	4036	8
1152	15032	8
1152	16205	20
1152	868	21
1152	208	9
1152	4179	9
1152	3534	9
1152	33067	2
1152	50	2
1152	8972	2
1152	33922	2
1152	23547	2
1152	22353	2
1152	535	23
1152	336	25
1152	18	25
1152	1575	25
1152	373	25
1152	1329	28
1152	9571	26
1152	606	26
1152	6544	26
1152	4795	26
8138	8138	18
8138	14090	19
8138	9104	8
8138	4036	8
8138	15032	8
8138	3425	23
8138	33067	2
8138	8972	2
8138	33922	2
8138	18015	24
8138	336	25
8138	18	25
8138	28	26
8138	8	26
41583	230	1
41583	977	1
41583	17781	36
41583	29919	67
41583	13228	67
41583	33227	67
41583	26514	67
41583	29919	67
41583	35250	67
41583	16391	67
41583	19198	32
41583	9367	31
41583	8377	102
41583	240	2
41583	4065	2
41583	7532	2
41583	4037	2
41583	21973	2
41583	17391	2
41583	11075	2
41583	5941	2
41583	15315	2
41583	7586	2
41583	5445	2
41583	217	2
41583	9420	2
41583	4344	34
41583	10939	34
41583	32330	34
41583	1070	34
41583	22168	34
41583	13517	34
41583	28345	3
41583	10041	3
41583	418	3
41583	226	3
41583	686	3
41583	361	3
41583	582	3
41583	2017	3
41583	977	4
41583	31998	6
41583	45	6
41583	7291	6
41583	118	6
41583	25888	6
41583	3	7
41583	19198	35
41583	2	8
41583	8385	9
41583	6911	9
41583	1398	9
41583	36261	103
41583	2476	11
41583	4723	70
41583	113	70
41583	8377	70
41583	391	70
41583	32330	39
41583	10939	39
41583	1023	13
13898	26292	8
808	18	18
808	6038	8
808	18384	26
45106	6976	44
45106	0	18
45106	2631	19
45106	39	8
45106	32940	8
45106	5185	8
27873	232	18
27873	14090	19
27873	264	8
13060	26735	45
13060	26735	14
13060	49482	16
13060	13060	18
13060	22255	19
13060	9104	8
13060	4036	8
13060	15032	8
13060	26735	20
13060	130	21
13060	3685	21
13060	33067	2
13060	50	2
13060	17331	2
13060	43922	2
13060	8972	2
13060	33922	2
13060	23547	2
13060	22353	2
13060	34522	23
13060	3994	25
13060	373	25
13060	894	26
13060	3148	26
13060	5306	26
833	10225	14
833	49482	16
833	833	18
833	22255	19
833	9104	8
833	4036	8
833	15032	8
833	17507	20
833	130	21
833	230	21
833	33067	2
833	50	2
833	28097	2
833	43922	2
833	8972	2
833	33922	2
833	23547	2
833	22353	2
833	535	23
833	18	25
833	373	25
833	2862	26
833	9464	26
833	4795	26
833	12684	26
833	5138	26
833	363	26
18303	36218	58
18303	49482	16
18303	18303	18
18303	22255	19
18303	4036	8
18303	9104	8
18303	15032	8
18303	25314	20
18303	230	21
18303	33067	2
18303	50	2
18303	8972	2
18303	33922	2
18303	23547	2
18303	22353	2
18303	46520	23
18303	1329	28
18303	9764	26
18303	15824	26
18303	5619	26
27027	6857	46
27027	4338	46
27027	23217	46
27027	42716	46
27027	16680	46
27027	398	89
27027	196	18
27027	1955	8
27027	535	23
11294	49482	16
11294	11294	18
11294	22255	19
11294	4036	8
11294	9104	8
11294	15032	8
11294	33067	2
11294	17331	2
11294	50	2
11294	43922	2
11294	8972	2
11294	33922	2
11294	23547	2
11294	22353	2
11294	46520	23
11294	2111	26
11294	1031	26
11294	6917	26
11294	7228	26
11294	100	26
11294	5705	26
11604	45060	14
11604	11604	18
11604	22255	19
11604	4036	8
11604	9104	8
11604	15032	8
11604	45060	20
11604	868	21
11604	33067	2
11604	28097	2
11604	50	2
11604	43922	2
11604	8972	2
11604	33922	2
11604	23547	2
11604	22353	2
11604	15011	23
11604	216	25
11604	336	25
11604	18	25
11604	373	25
11604	3358	26
11604	16748	26
11604	6544	26
11604	16182	26
11604	46073	26
11604	1243	26
15824	49482	16
15824	22255	19
15824	4036	8
15824	9104	8
15824	15032	8
15824	27993	20
15824	230	21
15824	15824	18
15824	33067	2
15824	28097	2
15824	50	2
15824	43922	2
15824	8972	2
15824	33922	2
15824	23547	2
15824	22353	2
15824	46520	23
15824	1329	28
15824	9764	26
15824	18303	26
5306	49482	16
5306	470	25
5306	18	25
5306	22255	19
5306	4036	8
5306	9104	8
5306	15032	8
5306	40277	20
5306	3685	21
5306	5306	18
5306	33067	2
5306	50	2
5306	17331	2
5306	43922	2
5306	8972	2
5306	23547	2
5306	22353	2
5306	34522	23
5306	21158	28
5306	13060	26
5306	894	26
5306	1208	26
9385	49482	16
9385	22255	19
9385	4036	8
9385	9104	8
9385	15032	8
9385	9742	20
9385	3685	21
9385	230	21
9385	9385	18
9385	33067	2
9385	50	2
9385	17331	2
9385	43922	2
9385	8972	2
9385	33922	2
9385	23547	2
9385	22353	2
9385	34522	23
9385	336	25
9385	18	25
9385	2195	26
9385	9464	26
9385	2862	26
9385	894	26
9385	3148	26
9385	1451	26
9385	7257	26
9385	1208	26
9385	447	26
9385	606	26
2926	10623	48
42720	23649	48
27228	6006	46
27228	15060	46
27228	5678	46
27228	470	18
27228	308	8
27228	22171	8
27228	1955	8
27228	535	23
48216	26292	8
11982	7247	14
11982	35504	14
11982	29882	14
11982	14675	14
11982	22806	14
11982	14483	14
11982	16082	14
11982	11312	14
11982	20340	14
11982	31574	14
11982	21349	14
11982	4113	14
11982	541	14
11982	2181	14
11982	867	14
11982	1610	14
11982	9559	14
11982	13549	14
11982	38562	14
11982	6649	14
11982	11592	14
11982	28784	14
11982	1647	14
11982	1540	14
11982	35546	14
11982	5139	14
11982	12597	14
11982	3699	14
11982	21715	14
11982	6153	14
11982	9536	14
11982	5162	14
11982	32114	14
11982	0	44
11982	0	18
11982	2631	19
11982	867	20
11982	535	23
11982	4920	26
11982	7771	26
11982	10830	26
11982	21439	26
11982	19587	26
198	9377	8
198	208	9
21444	9377	8
21444	4487	104
21444	208	9
19012	18172	48
19012	378	18
19012	14575	8
24309	9377	8
24309	4148	104
24309	208	9
20327	9377	8
20327	208	9
47237	230	1
47237	977	1
47237	22563	85
47237	217	2
47237	9720	34
47237	33067	34
47237	1425	3
47237	323	3
47237	579	3
47237	603	3
47237	1669	3
47237	24101	3
47237	223	3
47237	2437	3
47237	230	4
47237	81	5
47237	118	6
47237	3	7
47237	2	8
47237	2968	9
47237	6223	9
47237	1597	68
47237	38100	105
47237	18006	38
47237	2580	11
47237	21830	11
47237	1046	11
47237	1822	70
47237	31573	101
47237	16059	39
47237	10348	39
47237	12917	39
47237	1576	39
40257	7388	14
40257	45435	14
40257	25615	14
40257	1523	14
40257	120	44
40257	120	18
40257	9654	20
40257	26686	75
40257	535	23
40257	37010	26
40257	26644	26
350	6902	54
350	1331	46
350	3729	46
350	367	46
350	7893	46
350	4945	46
350	7759	46
350	33928	46
350	2652	46
350	15575	46
350	41616	46
350	6902	44
350	8	18
350	14090	19
350	1955	8
350	1102	23
20143	8	44
20143	8	18
20143	14090	19
20143	6902	26
20143	1245	26
37010	6142	14
37010	27251	14
37010	10431	14
37010	12213	14
37010	120	44
37010	120	18
37010	910	20
37010	535	23
37010	4916	9
37010	42397	26
37010	26644	26
37010	40257	26
37010	26684	26
8505	36218	58
8505	118	44
8505	118	18
8505	26878	19
8505	12847	20
8505	116	21
8505	230	21
8505	1822	70
8505	9607	23
8505	4916	9
8505	45823	43
21948	8	44
21948	8	18
21948	14090	19
21948	1424	9
21948	208	9
21948	14113	26
2921	18	44
2921	18	18
2921	13234	20
2921	535	23
2921	497	26
2921	6411	26
2921	18	26
1043	23844	27
1043	118	44
1043	208	9
1043	118	18
1043	16646	20
1043	230	21
1043	30181	47
1043	37900	47
1043	27695	47
1043	14438	23
1043	4195	26
1043	9253	26
1043	2728	26
1043	1931	26
1043	9336	26
1043	10777	26
34130	232	18
34130	2631	19
34130	264	8
34130	4179	9
34130	11012	9
34130	3534	9
43442	4179	9
43442	5824	8
43442	45823	43
23984	36648	64
23984	31844	88
23984	3981	31
23984	2	8
23984	7473	8
23984	230	1
23984	217	2
23984	2968	9
23984	6223	9
23984	33067	34
23984	3295	39
23984	603	3
23984	2302	3
23984	323	3
23984	7024	67
23984	10116	67
23984	13940	67
23984	7601	67
23984	3864	6
23984	3	7
47821	44258	14
47821	24096	14
47821	21127	14
47821	470	44
47821	470	18
47821	4108	20
47821	535	23
47821	45796	26
47821	30904	26
47821	2045	26
7955	6541	44
7955	45	18
7955	470	18
7955	3669	8
21518	3187	106
21518	3666	85
21518	1106	85
21518	61	37
21518	41363	37
21518	61	31
21518	2	8
21518	38756	38
21518	13020	11
21518	130	1
21518	230	1
21518	12111	101
21518	4615	29
21518	4132	29
21518	1934	29
21518	22593	29
21518	7630	29
21518	20920	29
21518	17019	29
21518	10633	29
21518	4972	12
21518	933	12
21518	217	2
21518	941	86
21518	911	39
21518	3205	39
21518	4501	3
21518	174	3
21518	12307	3
21518	2235	3
21518	223	3
21518	1388	3
21518	173	3
21518	1981	3
21518	25958	67
21518	15534	67
21518	15534	67
21518	15534	67
21518	15367	67
21518	41847	67
21518	40261	67
21518	38877	67
21518	216	6
21518	3	7
21518	40261	30
21518	40261	30
21518	40261	30
21518	38877	30
21518	17781	36
14081	18848	14
14081	9906	14
14081	38761	14
14081	35514	14
14081	2528	46
14081	208	9
14081	4179	9
14081	3534	9
14081	470	44
14081	470	18
14081	12928	20
14081	535	23
26780	1157	48
26780	1157	8
1139	14876	46
1139	19460	46
1139	7190	46
1139	1124	46
1139	17212	46
1139	1395	46
1139	8144	46
1139	23891	46
1139	11415	46
1139	5218	46
1139	13745	46
1139	6925	46
1139	2745	46
1139	42	46
1139	827	46
1139	4883	46
1139	43510	46
1139	14970	46
1139	1635	46
1139	4737	46
1139	1479	46
1139	592	46
1139	113	46
1139	3907	46
1139	1974	46
1139	28193	46
1139	6949	46
1139	8815	46
1139	2652	46
1139	6708	46
1139	23323	46
1139	23270	44
1139	118	18
1139	26878	19
1139	1955	8
1139	26180	23
1139	33411	26
43138	802	37
43138	304	37
43138	1010	37
43138	9385	37
43138	24261	31
43138	2	8
43138	18736	0
43138	32830	0
43138	28115	33
43138	3685	1
43138	230	1
43138	18693	12
43138	2968	9
43138	6223	9
43138	174	3
43138	24188	3
43138	223	3
43138	49968	3
43138	1010	6
43138	31998	6
43138	3	7
49388	2032	67
49388	37902	67
49388	9206	67
49388	26514	67
49388	16391	67
49388	44614	67
49388	431	31
49388	2	8
49388	5781	11
49388	230	1
49388	15682	9
49388	14863	34
49388	4688	34
49388	5247	34
49388	1497	34
49388	6987	34
49388	6645	39
49388	2302	3
49388	1187	3
49388	2464	3
49388	7854	3
49388	361	3
49388	3473	3
49388	689	6
49388	43	6
49388	3	7
49388	5455	35
49388	580	0
5466	1500	107
5466	6432	29
5466	1500	29
5466	977	1
5466	8361	85
5466	10355	85
5466	10671	85
5466	731	85
5466	13850	31
5466	950	3
5466	16415	3
5466	21050	3
5466	14917	3
5466	1142	3
5466	5221	3
5466	11368	3
5466	6992	3
5466	2085	3
5466	3	7
5466	4690	35
5466	2	8
5466	1398	9
5466	208	9
5466	1602	9
5466	917	9
5466	3534	9
5466	4179	9
5466	43770	108
5466	25068	108
5466	37688	108
5466	24712	38
5466	1812	11
5466	9435	11
5466	39506	70
5466	21894	70
5466	4690	70
5466	16424	70
5466	18902	70
5466	9064	12
5466	18570	87
5466	1023	13
15586	13227	54
15586	2652	46
15586	3213	46
15586	8156	46
15586	1424	9
15586	208	9
15586	13227	44
15586	8	18
15586	14090	19
15586	1955	8
15586	22171	8
15586	1102	23
44570	8	44
44570	8	18
44570	14090	19
44570	14113	26
37830	2758	8
37830	45527	109
11631	2631	45
11631	208	9
11631	9377	8
511	37900	45
511	140	46
511	118	44
511	118	18
511	4761	20
511	37900	47
511	2554	23
511	208	9
511	10777	26
511	9336	26
511	1931	26
511	5971	26
511	5303	26
511	259	26
511	30074	27
25269	46292	44
25269	1955	8
25269	6038	8
25269	18	18
25269	1602	9
7260	14489	48
7260	29	91
44743	39506	46
44743	42513	46
44743	18	18
44743	1185	8
44743	1955	8
44743	6038	8
37727	14603	42
37727	7388	44
37727	22026	44
37727	30080	44
37727	17618	44
37727	11713	44
37727	18843	44
37727	25615	44
37727	14250	44
37727	16492	44
37727	8195	44
37727	27251	44
37727	10431	44
37727	120	18
37727	2631	19
37727	264	8
37727	208	9
22247	26684	44
22247	37010	44
22247	6601	44
22247	120	18
22247	264	8
22247	12027	110
140	499	54
140	391	46
140	6949	46
140	42	46
140	827	46
140	4714	46
140	17212	46
140	15957	46
140	11767	46
140	5916	46
140	2282	46
140	4108	46
140	7383	46
140	1035	46
140	6453	46
140	4737	46
140	2375	46
140	33	46
140	4207	46
140	5597	46
140	592	46
140	1970	46
140	6925	46
140	1059	46
140	17857	46
140	113	46
140	7745	46
140	1653	46
140	5996	46
140	17844	46
140	3451	46
140	8953	46
140	1571	46
140	20021	46
140	1974	46
140	13329	46
140	1479	46
140	21699	46
140	5789	46
140	19404	46
140	4893	46
140	11786	46
140	1814	46
140	15980	46
140	1172	46
140	12100	46
140	2494	46
140	1366	46
140	1395	46
140	20932	46
140	297	46
140	3212	46
140	11624	46
140	1331	46
140	28814	46
140	511	46
140	8833	46
140	32353	46
140	7167	46
140	25228	46
140	367	46
140	5248	46
140	5488	46
140	499	44
140	499	18
140	26842	8
140	49436	26
1395	370	54
1395	5837	46
1395	42	46
1395	46421	46
1395	17857	46
1395	12100	46
1395	391	46
1395	17212	46
1395	140	46
1395	12847	46
1395	6453	46
1395	2401	46
1395	1139	46
1395	1799	46
1395	297	46
1395	28929	46
1395	35307	46
1395	4737	46
1395	30499	46
1395	15599	46
1395	2375	46
1395	3212	46
1395	3729	46
1395	33	46
1395	354	46
1395	5597	46
1395	2397	46
1395	5642	46
1395	13535	46
1395	22655	46
1395	7745	46
1395	5996	46
1395	6949	46
1395	3451	46
1395	3123	46
1395	7893	46
1395	3361	46
1395	1035	46
1395	8144	46
1395	7964	46
1395	362	46
1395	4931	46
1395	18107	46
1395	17844	46
1395	370	44
1395	370	18
1395	1955	8
1395	26842	8
1395	26180	23
1395	22020	26
1395	14034	26
1395	3333	27
362	17211	54
362	378	54
362	620	41
362	36680	41
362	7840	14
362	16361	14
362	22262	14
362	29981	14
362	43800	14
362	16355	14
362	9107	14
362	29630	14
362	32819	14
362	46266	14
362	31885	14
362	8058	14
362	5279	14
362	20783	14
362	10167	14
362	30359	14
362	27028	14
362	25667	14
362	37469	14
362	39363	14
362	391	46
362	1072	46
362	1421	46
362	28929	46
362	3451	46
362	4308	46
362	17857	46
362	1122	46
362	1037	46
362	592	46
362	3344	46
362	1331	46
362	378	18
362	3911	20
362	3911	77
362	7914	26
362	7251	26
362	4422	26
362	9889	26
3971	118	44
3971	27695	45
3971	118	18
3971	45024	20
3971	27695	47
3971	26180	23
3971	14438	23
3971	208	9
3971	230	21
3971	11039	26
3971	1321	26
3971	1042	26
3971	2486	26
1637	8	44
1637	14090	19
1637	8	18
1637	585	26
1637	6079	26
1637	8258	26
37855	2996	29
37855	3990	29
37855	977	1
37855	45272	67
37855	4690	31
37855	6468	33
37855	950	3
37855	364	3
37855	1142	3
37855	4455	3
37855	11916	3
37855	24101	3
37855	223	3
37855	174	3
37855	1981	3
37855	2996	111
37855	18	6
37855	3	7
37855	2669	35
37855	2	8
37855	8385	9
37855	1398	9
37855	14139	9
37855	208	9
37855	31146	9
37855	4179	9
37855	3534	9
37855	917	9
37855	8509	38
37855	1559	11
37855	18808	39
37855	1023	13
45845	8	18
45845	14090	19
45845	1955	8
45845	17376	9
45845	3534	9
45845	4179	9
43501	837	54
43501	18073	46
43501	2035	46
43501	297	46
43501	592	46
43501	817	46
43501	4737	46
43501	367	46
43501	23891	46
43501	19312	46
43501	3446	46
43501	13606	46
43501	1974	46
43501	13197	46
43501	25781	46
43501	3451	46
43501	22055	46
43501	12869	46
43501	354	46
43501	17857	46
43501	14061	46
43501	5901	46
43501	18770	46
43501	28929	46
43501	3907	46
43501	837	44
43501	837	18
43501	1955	8
43501	26842	8
43501	22171	8
43501	3425	23
2894	118	44
2894	118	18
2894	39242	20
2894	22927	23
2894	115	26
2894	5363	26
2894	20528	26
2894	2471	26
2894	2746	26
2894	33062	26
2894	15299	26
20204	5578	54
20204	14888	54
20204	23891	46
20204	12100	46
20204	18770	46
20204	35398	46
20204	4070	46
20204	32257	46
20204	5244	46
20204	4867	46
20204	24296	46
20204	26842	8
20204	5578	18
20204	34522	23
2401	1146	54
2401	6639	46
2401	3791	46
2401	1294	46
2401	15599	46
2401	37562	46
2401	5597	46
2401	20021	46
2401	1395	46
2401	1510	46
2401	33	46
2401	5244	46
2401	7745	46
2401	32540	46
2401	17844	46
2401	17599	46
2401	7378	46
2401	1796	46
2401	41616	46
2401	208	9
2401	1146	44
2401	1146	18
2401	26842	8
4195	42408	14
4195	37571	14
4195	6522	14
4195	33024	14
4195	31940	14
4195	39345	27
4195	4665	46
4195	118	44
4195	118	18
4195	11394	20
4195	30181	47
4195	27695	47
4195	26180	23
4195	14438	23
4195	10777	26
4195	1076	26
4195	1043	26
4195	9253	26
4195	259	26
1799	2053	54
1799	4397	46
1799	9418	46
1799	25606	46
1799	1395	46
1799	33	46
1799	17844	46
1799	2053	18
1799	26842	8
1799	1955	8
1799	26180	23
5607	4892	44
5607	3950	44
5607	9548	44
5607	1423	44
5607	2337	44
5607	1635	44
5607	9292	44
5607	34423	44
5607	27794	44
5607	20869	44
5607	18588	44
5607	25749	44
5607	47946	81
5607	27575	81
5607	41096	81
5607	18	18
5607	66	18
5607	2631	19
5607	264	8
20528	118	44
20528	118	18
20528	11747	20
20528	230	21
20528	4916	9
20528	208	9
20528	2471	26
20528	2894	26
20528	5363	26
20528	943	26
20528	2728	26
20528	1321	26
47243	4522	110
47243	18	18
47243	2631	19
47243	264	8
47243	1887	44
47243	4665	44
41096	5607	110
41096	4892	44
41096	2337	44
41096	18	18
41096	264	8
7575	9292	54
7575	8986	46
7575	12571	46
7575	36099	46
7575	46798	46
7575	11500	46
7575	6171	46
7575	35307	46
7575	1602	9
7575	9292	44
7575	18	18
7575	18	18
7575	2531	18
7575	7291	18
7575	1722	18
7575	12626	18
7575	1955	8
7575	22171	8
7575	6038	8
7575	535	23
7575	26636	26
7575	37669	26
4014	4892	54
4014	11500	46
4014	9788	46
4014	8986	46
4014	23630	46
4014	5436	46
4014	9289	46
4014	20022	46
4014	4892	44
4014	18	18
4014	1955	8
4014	28600	8
4014	22171	8
4014	535	23
4014	34920	26
1444	2337	54
1444	23259	54
1444	14876	46
1444	14967	46
1444	194	46
1444	3687	46
1444	8926	46
1444	20621	46
1444	1510	46
1444	2337	44
1444	23259	44
1444	2337	44
1444	12626	44
1444	18	18
1444	1722	18
1444	22171	8
1444	27575	47
1444	2022	23
1444	391	26
1444	42320	26
8815	10830	54
8815	6758	46
8815	2222	46
8815	18518	46
8815	1974	46
8815	22376	46
8815	592	46
8815	19609	46
8815	827	46
8815	1571	46
8815	1139	46
8815	23891	46
8815	8953	46
8815	18	18
8815	20825	19
8815	1955	8
8815	22171	8
8815	6038	8
8815	4522	47
8815	535	23
8815	33958	26
8815	49046	26
8815	19102	26
8815	30501	26
8815	704	26
8815	18173	26
1057	34667	14
1057	4665	54
1057	535	23
1057	32053	46
1057	7626	46
1057	1711	46
1057	8318	46
1057	8598	46
1057	2727	46
1057	28173	46
1057	28255	46
1057	27691	46
1057	18	18
1057	32129	18
1057	2531	18
1057	7291	18
1057	1722	18
1057	20825	19
1057	22171	8
1057	47040	8
1057	28600	8
1057	4522	47
1057	2915	26
1057	9575	26
13234	2921	54
13234	1681	46
13234	26486	46
13234	1974	46
13234	13197	46
13234	31244	46
13234	208	9
13234	18	18
13234	20825	19
13234	22171	8
13234	1955	8
13234	6038	8
13234	535	23
1737	94	54
1737	3639	54
1737	6595	54
1737	17857	46
1737	391	46
1737	22699	46
1737	7976	46
1737	113	46
1737	10760	46
1737	2218	46
1737	536	46
1737	3123	46
1737	47338	46
1737	2081	46
1737	94	18
1737	26842	8
1737	1955	8
1737	22171	8
1737	31146	9
1737	3534	9
1737	4179	9
1737	535	23
20399	208	9
20399	232	44
20399	232	18
20399	13027	8
20399	35307	20
20399	232	112
20399	28058	47
2218	314	54
2218	113	46
2218	367	46
2218	2331	46
2218	536	46
2218	1737	46
2218	3123	46
2218	10760	46
2218	4737	46
2218	47338	46
2218	4410	21
2218	1560	21
2218	41192	90
2218	314	18
2218	2631	19
2218	26842	8
2218	1955	8
2218	22171	8
2218	18490	8
2218	10679	47
2218	15011	23
2218	48552	23
2218	15575	26
17253	232	44
17253	232	18
17253	13027	8
17253	41333	23
17253	37403	26
17253	546	26
10760	749	54
10760	2218	46
10760	23237	46
10760	1737	46
10760	536	46
10760	6886	46
10760	367	46
10760	3123	46
10760	47338	46
10760	6525	46
10760	3907	46
10760	12245	46
10760	208	9
10760	749	18
10760	26842	8
10760	1955	8
10760	22171	8
10760	4394	8
10760	25098	8
10760	1329	47
10760	46520	23
44913	663	113
44913	103	114
44913	34930	115
44913	15775	115
44913	11630	115
44913	6493	115
44913	8296	115
44913	8108	115
44913	2582	115
44913	14965	115
44913	22363	115
44913	7976	31
44913	2	8
44913	130	1
44913	116	1
44913	207	1
44913	6223	9
44913	9252	116
44913	2680	116
44913	21911	116
44913	34572	116
44913	33185	116
44913	31317	116
44913	2475	12
44913	108	3
44913	927	3
44913	2126	67
44913	28075	67
44913	120	6
44913	3	7
9759	6356	54
9759	113	46
9759	43881	46
9759	7068	46
9759	6356	18
9759	26842	8
9759	1955	8
9759	1185	8
9759	10990	8
9759	2022	23
230	29	117
20094	543	44
20094	543	18
20094	6781	26
20094	1067	26
2598	1190	59
2598	216	44
2598	216	18
2598	6525	20
2598	230	21
2598	14438	23
2598	4916	9
2598	4091	28
2598	313	26
2598	259	26
2598	2454	26
2598	9145	26
2598	1076	26
2598	1190	26
27580	535	23
27580	40152	46
27580	13191	44
27580	48067	44
27580	120	18
27580	132	8
28557	28538	82
28557	44799	41
28557	1323	8
25883	22326	82
25883	11186	41
25883	1323	8
2169	216	44
2169	216	18
2169	35477	20
2169	230	21
2169	4916	9
2169	913	26
2169	2454	26
2169	1190	26
1541	1190	118
1541	216	44
1541	216	18
1541	26878	19
1541	25104	20
1541	13568	23
1541	1116	26
1541	5329	26
1541	1190	26
31242	48150	50
31242	20820	119
31242	45783	8
31242	20820	99
31242	13631	120
46673	24998	82
46673	1323	8
24088	693	8
24088	2221	77
24088	200	77
17252	103	114
17252	470	18
17252	37	8
15094	1323	8
14188	103	114
14188	470	18
14188	37	8
4690	29552	46
4690	13845	46
4690	4883	46
4690	583	46
4690	5340	46
4690	80	46
4690	3910	46
4690	7964	46
4690	4737	46
4690	5257	46
4690	1701	46
4690	35633	46
4690	8156	46
4690	6949	46
4690	7932	46
4690	26486	46
4690	18	18
4690	1296	18
4690	2531	18
4690	7291	18
4690	1722	18
4690	16000	18
4690	20825	19
4690	22171	8
4690	535	23
15579	3291	54
15579	10183	46
15579	31880	46
15579	3430	46
15579	3291	44
15579	1190	44
15579	216	18
15579	22171	8
15579	208	9
704	3907	46
704	26607	46
704	18142	46
704	4846	46
704	36527	46
704	26139	46
704	9301	46
704	34682	46
704	25121	46
704	18	18
704	20825	19
704	22171	8
704	6038	8
704	28600	8
704	45950	47
704	4522	47
704	535	23
704	8815	26
704	940	26
704	15390	26
704	3485	26
704	18173	26
24936	349	70
24936	1868	70
24936	1037	37
24936	2220	88
24936	1282	88
24936	22458	88
24936	1762	88
24936	2	8
24936	15412	0
24936	5953	11
24936	130	1
24936	602	12
24936	934	12
24936	6223	9
24936	2968	9
24936	14915	39
24936	1301	39
24936	25451	39
24936	7173	39
24936	323	3
24936	25765	3
24936	11703	67
24936	27713	67
24936	7533	67
24936	14517	67
24936	31061	67
24936	49040	67
24936	23413	67
24936	13634	67
24936	15760	67
24936	12648	67
24936	130	4
24936	1776	5
24936	15973	5
24936	35382	5
24936	23479	5
24936	120	6
24936	3	7
24936	1037	31
8551	18288	46
8551	20924	46
8551	7099	46
8551	18482	46
8551	7457	46
8551	14245	46
8551	5952	46
8551	29552	46
8551	18518	46
8551	39657	46
8551	35206	44
8551	18	18
8551	22171	8
8551	6038	8
8551	28600	8
8551	35206	60
8551	4522	47
8551	47243	47
8551	535	23
8551	31609	26
8551	4148	26
3317	1116	54
3317	979	46
3317	8229	46
3317	4938	46
3317	12016	46
3317	208	9
3317	35682	45
3317	216	18
3317	1955	8
3317	22171	8
19757	543	44
19757	543	18
19757	5107	26
19757	13857	26
19757	6781	26
32682	33828	44
32682	3994	18
32682	1517	46
32682	14459	46
32682	25168	46
32682	22753	8
7225	33958	46
7225	40653	46
7225	12033	46
7225	14697	46
7225	3320	46
7225	7324	46
7225	28518	46
7225	232	18
7225	1955	8
7225	303	8
7225	4179	9
7225	3534	9
7225	1490	67
22660	21629	44
22660	1530	18
22660	34072	26
22660	17954	8
1067	543	44
1067	543	18
1067	6781	26
1067	20094	26
24069	23138	29
24069	1593	29
24069	2613	29
24069	118	91
24069	1902	8
24069	230	121
24069	12129	122
24069	3729	123
46815	7004	124
46815	2642	29
46815	7236	29
46815	118	91
46815	15907	125
46815	25506	30
46815	6681	30
46815	49445	30
46815	6667	30
46815	2177	30
46815	21368	30
46815	46961	30
46815	39808	30
46815	230	121
46815	42518	126
46815	639	8
46815	45777	127
46815	48771	128
46815	28511	128
46815	14685	128
46815	45777	128
46815	14940	67
46815	18469	67
46815	7375	123
46815	1072	123
26437	21880	76
26437	9056	76
26437	6675	76
26437	29483	129
26437	9056	45
9300	4893	46
9300	4272	46
9300	12783	46
9300	34448	46
9300	10013	46
9300	34556	46
9300	8926	46
9300	18521	89
9300	232	18
9300	1123	18
9300	6785	18
9300	214	18
9300	1955	8
9300	303	8
9300	37557	130
9300	798	130
9300	31146	9
9300	3534	9
9300	4179	9
9300	1490	67
39006	1304	8
4235	3520	67
4235	4524	67
4235	23413	67
4235	10116	67
4235	7739	67
4235	16304	67
4235	47100	67
4235	5697	67
4235	7498	67
4235	8815	70
4235	194	70
4235	40914	88
4235	1385	88
4235	1255	88
4235	3333	88
4235	3050	88
4235	1396	31
4235	2	8
4235	977	1
4235	6469	11
4235	2379	131
4235	602	12
4235	26032	2
4235	16158	2
4235	1398	9
4235	33388	9
4235	208	9
4235	23671	116
4235	27345	116
4235	4688	39
4235	5721	39
4235	7147	39
4235	323	3
4235	10041	3
4235	1425	3
4235	24101	3
4235	579	3
4235	977	4
4235	4238	5
4235	4681	5
4235	18	6
4235	3	7
33110	965	132
33110	1440	88
33110	3976	88
33110	3976	88
33110	23660	88
33110	3976	88
33110	2141	88
33110	8024	88
33110	23165	88
33110	977	1
33110	3126	1
33110	207	1
33110	2	8
33110	2658	11
33110	3400	11
33110	934	12
33110	8940	2
33110	10499	2
33110	16158	2
33110	6223	9
33110	5210	34
33110	7147	34
33110	5721	34
33110	1184	34
33110	2330	34
33110	5721	39
33110	1617	3
33110	165	3
33110	2017	3
33110	1981	3
33110	686	3
33110	4364	67
33110	3520	67
33110	13591	67
33110	24151	67
33110	24151	67
33110	45272	67
33110	977	4
33110	18	6
33110	6509	6
33110	3	7
33110	263	0
28214	3068	44
28214	43	18
28214	9934	26
28214	2915	46
28214	4572	46
28214	23118	46
28214	4647	46
28214	1185	8
23739	13727	133
23739	103	114
23739	470	18
23739	37	8
4893	40119	54
4893	3907	46
4893	28658	46
4893	6424	46
4893	13606	46
4893	25781	46
4893	4207	46
4893	31410	46
4893	8833	46
4893	22723	46
4893	23512	46
4893	4338	46
4893	5894	46
4893	13197	46
4893	9300	46
4893	7167	46
4893	140	46
4893	12523	46
4893	1602	9
4893	17313	44
4893	470	18
4893	21992	18
4893	308	8
4893	1955	8
4893	535	23
4893	47866	26
10325	103	114
10325	470	18
10325	37	8
11095	391	70
11095	391	31
11095	2	8
11095	9845	134
11095	977	1
11095	4749	11
11095	4179	9
11095	7147	39
11095	25765	3
11095	16391	67
11095	15603	67
11095	14629	67
11095	37130	67
11095	47621	135
11095	18	6
11095	3	7
11095	0	35
11095	14519	108
8616	39836	46
8616	27302	46
8616	13924	46
8616	8318	46
8616	15143	46
8616	2615	46
8616	51	46
8616	20010	46
8616	1796	46
8616	1602	9
8616	470	18
8616	120	18
8616	26106	18
8616	308	8
8616	1955	8
8616	535	23
5876	46576	54
5876	34522	23
5876	2498	46
5876	3336	46
5876	23896	46
5876	22376	46
5876	44896	46
5876	23323	46
5876	32658	46
5876	42625	46
5876	27853	46
5876	46460	46
5876	46576	44
5876	232	18
5876	1955	8
5876	303	8
5876	1490	67
9971	103	114
9971	43	18
9971	37	8
12264	535	23
12264	44086	54
12264	725	46
12264	21894	46
12264	31968	46
12264	12928	46
12264	25986	46
12264	44086	44
12264	470	18
12264	1185	8
12264	308	8
19944	103	114
19944	470	18
19944	37	8
12385	28777	46
12385	20562	46
12385	17987	46
12385	18	18
12385	20825	19
12385	6038	8
12385	535	23
12385	24077	26
12385	1903	26
12385	3186	26
17968	22449	46
17968	19117	46
17968	1999	46
17968	5937	46
17968	11391	46
17968	12869	46
17968	3534	9
17968	4179	9
17968	11012	9
17968	18	18
17968	22171	8
17968	28600	8
17968	535	23
17968	3937	44
17968	9476	26
17968	25618	26
17968	16929	26
17968	48680	26
11196	12508	46
11196	21627	46
11196	12159	46
11196	42141	46
11196	13948	46
11196	17708	46
11196	28835	46
11196	1510	46
11196	37287	46
11196	44747	46
11196	10614	54
11196	232	18
11196	1955	8
11196	303	8
11196	1490	67
3485	28066	46
3485	12557	46
3485	22437	46
3485	29481	46
3485	1632	46
3485	38434	46
3485	14334	46
3485	8376	46
3485	31146	9
3485	3534	9
3485	4179	9
3485	18	18
3485	20825	19
3485	6038	8
3485	535	23
3485	704	26
3485	18173	26
10614	232	44
10614	6785	44
10614	232	18
10614	13027	8
10614	11196	20
10614	41333	23
10614	22119	26
10614	19276	26
10614	48846	26
10614	10117	26
10614	3035	26
22119	232	44
22119	6785	44
22119	232	18
22119	13027	8
22119	10814	20
22119	208	9
22119	41333	23
22119	592	26
22119	24902	26
22119	25801	26
22119	19276	26
22119	10614	26
5531	4892	44
5531	18	18
5531	13676	8
5531	34801	26
5531	15137	26
5531	36373	26
5531	34920	26
16052	15562	54
16052	7186	46
16052	7378	46
16052	11563	46
16052	6949	46
16052	22699	46
16052	32469	46
16052	38634	46
16052	11624	46
16052	1294	46
16052	4397	46
16052	33	46
16052	17844	46
16052	18729	46
16052	15562	18
16052	26842	8
16052	5012	8
49444	9	56
49444	44096	136
49444	23	8
28935	42451	46
28935	2551	46
28935	8318	46
28935	18	18
28935	6038	8
28935	535	23
28935	1396	26
33549	37593	14
33549	9292	44
33549	18	18
33549	13676	8
33549	5735	26
33549	26636	26
33549	31298	26
33549	25749	26
33549	18588	26
33958	7225	46
33958	23512	46
33958	6042	46
33958	20724	46
33958	18	18
33958	1955	8
33958	6038	8
33958	8815	26
33958	22583	26
33958	18173	26
4148	4620	46
4148	15060	46
4148	28048	46
4148	14026	46
4148	41886	46
4148	8062	46
4148	35206	44
4148	18	18
4148	32129	18
4148	2531	18
4148	7291	18
4148	1722	18
4148	22171	8
4148	6038	8
4148	35206	60
4148	47243	47
4148	535	23
4148	8551	26
37669	9292	44
37669	18	18
37669	37253	26
37669	45999	26
37669	26636	26
37669	7575	26
37669	13676	8
25363	5733	54
25363	3763	46
25363	5733	18
25363	26842	8
25363	1955	8
25363	22171	8
25363	1329	47
25363	1602	9
9351	47483	46
9351	27117	46
9351	44791	46
9351	592	46
9351	11172	46
9351	39326	46
9351	14967	46
9351	12508	46
9351	42260	44
9351	18	18
9351	22171	8
9351	6038	8
9351	28600	8
9351	28257	47
9351	535	23
9351	24737	26
9351	31243	26
31298	9292	44
31298	18	18
31298	33549	26
31298	26636	26
31298	37253	26
31298	46292	26
31298	13676	8
7193	27302	14
7193	33879	14
7193	34883	14
7193	15727	14
7193	23089	14
7193	26686	44
7193	26644	44
7193	120	18
7193	622	8
7193	27302	20
7193	535	23
7193	1602	9
7193	8172	26
7193	26143	26
7193	13191	26
7193	10431	26
7193	8740	26
7193	7232	26
7193	27913	26
7193	14747	26
4453	12605	14
4453	25460	14
4453	41615	14
4453	46990	14
4453	45964	14
4453	120	18
4453	622	8
4453	13238	20
4453	1602	9
4453	535	23
4453	30638	26
4453	6601	26
4453	17639	26
4453	15878	26
4453	4804	26
4453	32069	26
4453	35407	26
20229	16151	14
20229	120	18
20229	622	8
20229	16151	20
20229	535	23
20229	7282	26
20229	21503	26
20229	27913	26
20229	14747	26
20229	7432	26
43038	26292	8
7847	3908	54
7847	3908	44
7847	373	18
7847	1955	8
7847	25588	23
7847	1602	9
10589	373	44
10589	49534	61
10589	373	18
10589	3908	26
10589	3605	26
10589	4936	26
44964	39672	46
44964	6582	46
44964	24077	46
44964	14967	46
44964	18230	46
44964	20717	46
44964	49627	46
44964	12159	46
44964	27222	46
44964	36655	46
44964	26227	46
44964	16390	46
44964	232	18
44964	2631	19
44964	1955	8
44964	303	8
44964	31146	9
44964	3534	9
44964	4179	9
44964	34522	23
30018	26796	46
30018	6952	46
30018	1602	9
30018	3365	44
30018	120	18
30018	132	8
17377	47567	14
17377	33962	14
17377	120	18
17377	622	8
17377	33962	20
17377	535	23
17377	20396	26
17377	10804	26
17377	36042	26
22859	5257	44
22859	5257	60
22859	120	18
42349	16451	54
42349	29951	46
42349	27453	46
42349	9620	46
42349	267	46
42349	20808	46
42349	16451	44
42349	470	18
42349	308	8
42349	535	23
8123	29615	14
8123	19629	14
8123	35078	14
8123	36539	14
8123	23710	14
8123	8801	14
8123	673	14
8123	46942	14
8123	36414	14
8123	19624	14
8123	26684	44
8123	120	18
8123	622	8
8123	19812	20
8123	535	23
8123	13625	26
8123	24808	26
8123	6601	26
8123	16492	26
8123	14147	26
4896	5401	46
4896	23630	46
4896	21520	46
4896	30241	46
4896	43642	46
4896	1371	46
4896	1602	9
4896	331	18
4896	535	23
7570	29068	14
7570	12669	14
7570	35071	14
7570	21553	14
7570	120	18
7570	622	8
7570	12669	20
7570	535	23
7570	26116	26
7570	13625	26
7570	14147	26
7570	1455	26
7570	12573	26
7570	2205	26
7570	17639	26
7570	8990	26
14147	120	18
14147	622	8
14147	1513	20
14147	535	23
14147	7570	26
14147	13625	26
14147	8123	26
14147	16492	26
14147	11713	26
14147	3480	26
14147	1455	26
14147	8990	26
25594	232	44
25594	6785	44
25594	232	18
25594	13027	8
25594	26747	20
25594	41333	23
25594	38998	26
25594	41824	26
25594	43835	26
25594	46632	26
34971	18	18
34971	28600	8
33230	1329	110
33230	1152	18
33230	4513	18
33230	833	18
33230	2862	18
33230	606	18
33230	5138	18
33230	4795	18
33230	18383	18
33230	3358	18
33230	6544	18
33230	208	9
33230	264	8
29599	31492	54
29599	9485	46
29599	12243	46
29599	32511	46
29599	31492	44
29599	470	18
29599	1955	8
29599	308	8
29599	535	23
4773	5215	14
4773	31169	14
4773	35155	14
4773	23267	14
4773	1013	46
4773	543	44
4773	543	18
4773	23267	20
4773	21158	47
4773	28653	26
4773	5982	26
26195	33414	14
26195	543	44
26195	543	18
26195	33414	20
26195	21158	47
26195	28653	26
14697	22723	46
14697	4117	46
14697	851	46
14697	19374	46
14697	1049	46
14697	12972	46
14697	7225	46
14697	2084	46
14697	9821	46
14697	39209	46
14697	21952	46
14697	22083	44
14697	18	18
14697	6038	8
14697	28600	8
14697	22171	8
14697	535	23
14697	19292	26
14697	45656	26
38632	1575	54
38632	42632	46
38632	3212	46
38632	18210	46
38632	7745	46
38632	32540	46
38632	1575	18
38632	26842	8
38632	1329	47
19460	3864	54
19460	16606	46
19460	1139	46
19460	1822	46
19460	41431	46
19460	3864	18
19460	22255	19
19460	1955	8
19460	4394	8
19460	46520	23
19460	1329	47
29975	120	44
29975	34143	17
29975	120	18
29975	25517	19
29975	130	21
29975	1329	47
29975	5733	26
29975	336	26
15837	4524	67
15837	37609	67
15837	37609	67
15837	41312	67
15837	12772	67
15837	6667	30
15837	6667	30
15837	37609	30
15837	37609	30
15837	37609	30
15837	2237	31
15837	2	8
15837	5772	11
15837	230	1
15837	977	1
15837	6223	9
15837	173	3
15837	842	3
15837	54	3
15837	241	3
15837	1082	3
15837	223	3
15837	5590	3
15837	2760	3
15837	118	6
15837	3	7
27993	15824	54
27993	43072	46
27993	4545	46
27993	5991	46
27993	23237	46
27993	18076	46
27993	1955	8
27993	4394	8
27993	15824	18
27993	1329	47
15699	9292	44
15699	18	18
15699	6038	8
15699	5735	26
12783	7591	46
12783	30593	46
12783	9300	46
12783	40087	46
12783	29243	44
12783	18	18
12783	2531	18
12783	7291	18
12783	1722	18
12783	69	18
12783	12626	18
12783	6038	8
49133	12684	54
49133	12684	18
49133	1955	8
49133	4394	8
49133	535	23
28526	18	18
29198	5138	54
29198	13732	54
29198	7945	46
29198	1124	46
29198	13732	44
29198	1955	8
29198	4394	8
29198	5138	18
29198	1602	9
45691	13248	14
45691	15886	46
45691	7626	46
45691	31609	46
45691	19240	46
45691	1423	44
45691	18	18
45691	1955	8
45691	28600	8
45691	13248	59
45691	5607	47
9256	606	54
9256	13593	46
9256	43781	46
9256	6400	46
9256	5244	46
9256	4413	46
9256	2035	46
9256	606	44
9256	606	18
9256	26842	8
9256	535	23
9256	33230	47
9256	208	9
9256	8252	26
9256	2768	26
39836	10138	46
39836	45766	46
39836	8616	46
39836	44691	46
39836	41886	46
39836	497	44
39836	18	18
39836	32129	18
39836	2531	18
39836	7291	18
39836	1722	18
39836	120	18
39836	46038	18
39836	6038	8
39836	535	23
256	375	48
256	1602	9
15875	49233	54
15875	16441	46
15875	22178	46
15875	6857	46
15875	28749	46
15875	3298	46
15875	18	18
15875	1955	8
15875	6038	8
45973	6544	54
45973	40866	46
45973	44747	46
45973	3729	46
45973	26842	8
45973	1955	8
45973	6544	18
45973	15011	23
33855	27225	46
33855	18	18
33855	6038	8
20607	6386	46
20607	9019	46
20607	15501	46
20607	18	18
20607	6038	8
39217	543	44
39217	543	18
39217	14090	19
39217	3648	21
39217	24413	26
39217	5098	26
26501	32248	14
26501	44369	14
26501	30364	14
26501	100	44
26501	100	18
26501	1172	20
26501	535	23
26501	15011	23
26501	22831	26
26501	16578	26
26501	7266	26
861	13615	137
861	202	48
1437	14233	48
1437	4916	9
1437	208	9
1437	1602	9
14521	1702	46
14521	47213	46
14521	14126	46
14521	27794	44
14521	18	18
14521	28600	8
14521	9313	8
3242	14489	48
3242	29	91
3902	22269	46
3902	113	46
3902	42321	46
3902	10976	46
3902	39701	46
3902	2145	9
3902	25173	44
3902	18521	89
3902	18	18
3902	1722	18
3902	7291	18
3902	2531	18
3902	31854	18
3902	18	18
3902	6038	8
3902	28600	8
3902	37557	130
3902	798	130
3902	535	23
3902	18187	26